[ 5806.357212] zram: 157671, 169174, 3055
[ 5806.357248] zram: 22315, 24149, 4105
[ 5806.357292] zram: 34760, 40341, 4010
[ 5806.357338] zram: 40973, 42376, 3975
[ 5806.357380] zram: 37837, 39050, 4105
[ 5806.357394] zram: 9019, 10701, 4105
[ 5806.357407] zram: 8888, 10371, 4105
[ 5806.357457] zram: 45372, 47356, 1880
[ 5806.357499] zram: 37376, 39630, 1131
[ 5806.357529] zram: 25001, 27255, 459
[ 5806.357582] zram: 47136, 50372, 1751
[ 5806.357629] zram: 41494, 43910, 1639
[ 5806.357678] zram: 44681, 45192, 1720
[ 5806.357725] zram: 43629, 44240, 1875
[ 5806.357739] zram: 8959, 10802, 4105
[ 5806.357789] zram: 42967, 44591, 3873
[ 5806.357802] zram: 8817, 10141, 4105
[ 5806.357815] zram: 9148, 10331, 4105
[ 5806.357855] zram: 36434, 37716, 3833
[ 5806.357889] zram: 31333, 31794, 1123
[ 5806.357938] zram: 45352, 46425, 1689
[ 5806.357996] zram: 52297, 54490, 2501
[ 5806.358041] zram: 38298, 41624, 1040
[ 5806.358079] zram: 33048, 35893, 3117
[ 5806.358116] zram: 28348, 29680, 4105
[ 5806.358129] zram: 9179, 10402, 4105
[ 5806.358142] zram: 8677, 9901, 4105
[ 5806.358159] zram: 8938, 10341, 4105
[ 5806.358171] zram: 8758, 9799, 4105
[ 5806.358184] zram: 8978, 10271, 4105
[ 5806.358199] zram: 8758, 10461, 4105
[ 5806.358216] zram: 13217, 14509, 4105
[ 5806.358248] zram: 28308, 29420, 4105
[ 5806.358260] zram: 8748, 9769, 4105
[ 5806.358277] zram: 13077, 14630, 4105
[ 5806.358321] zram: 41094, 41995, 3231
[ 5806.358339] zram: 13207, 14790, 4105
[ 5806.358351] zram: 8708, 9720, 4105
[ 5806.358398] zram: 43027, 44090, 2738
[ 5806.358435] zram: 32636, 34460, 3946
[ 5806.358483] zram: 43118, 44731, 4020
[ 5806.358523] zram: 36364, 37566, 3974
[ 5806.358555] zram: 27546, 29139, 4105
[ 5806.358568] zram: 8768, 9971, 4105
[ 5806.358585] zram: 8938, 10200, 4105
[ 5806.358629] zram: 38448, 39219, 3049
[ 5806.358673] zram: 36274, 37156, 3079
[ 5806.358714] zram: 36704, 38358, 4105
[ 5806.358734] zram: 15722, 16894, 4105
[ 5806.358778] zram: 40362, 41685, 3909
[ 5806.358791] zram: 9199, 10651, 4105
[ 5806.358828] zram: 32596, 33989, 4105
[ 5806.358863] zram: 31514, 32687, 3984
[ 5806.358910] zram: 39901, 43689, 1413
[ 5806.358941] zram: 20321, 28317, 398
[ 5806.358980] zram: 35302, 35772, 1356
[ 5806.359019] zram: 34971, 36484, 1319
[ 5806.359055] zram: 33218, 33969, 1432
[ 5806.359198] zram: 133972, 139544, 1042
[ 5806.359360] zram: 37255, 43318, 370
[ 5806.359408] zram: 29661, 31554, 328
[ 5806.359467] zram: 52958, 55753, 530
[ 5806.359569] zram: 92929, 97358, 1586
[ 5806.359724] zram: 142790, 149063, 2073
[ 5806.359891] zram: 148893, 152540, 2027
[ 5806.360088] zram: 185166, 189886, 2461
[ 5806.360268] zram: 170176, 173332, 2293
[ 5806.360643] zram: 364631, 368749, 1996
[ 5806.360847] zram: 182411, 185056, 1733
[ 5806.360984] zram: 127890, 129703, 1648
[ 5806.361123] zram: 131908, 133822, 2238
[ 5806.361273] zram: 134744, 142640, 2367
[ 5806.361391] zram: 110194, 112338, 2341
[ 5806.361493] zram: 94031, 95815, 2313
[ 5806.361600] zram: 97118, 101165, 1950
[ 5806.361705] zram: 93219, 94261, 1913
[ 5806.361784] zram: 71305, 73459, 1568
[ 5806.361879] zram: 84131, 89121, 1494
[ 5806.361969] zram: 82217, 84141, 1768
[ 5806.362059] zram: 82387, 84201, 1653
[ 5806.362142] zram: 76496, 77978, 1420
[ 5806.362224] zram: 75233, 76596, 1666
[ 5806.362312] zram: 77738, 81887, 1711
[ 5806.362402] zram: 81505, 84011, 1948
[ 5806.362492] zram: 84882, 85755, 1986
[ 5806.362582] zram: 81997, 83730, 2265
[ 5806.362668] zram: 78760, 80995, 2207
[ 5806.362764] zram: 86857, 89813, 2720
[ 5806.362861] zram: 89872, 91967, 2565
[ 5806.362944] zram: 75163, 77277, 2394
[ 5806.363024] zram: 70172, 71405, 2254
[ 5806.363136] zram: 92869, 100083, 2630
[ 5806.363236] zram: 91476, 93149, 2536
[ 5806.363343] zram: 85644, 101476, 2772
[ 5806.363423] zram: 73560, 75052, 2430
[ 5806.363490] zram: 60313, 62317, 1984
[ 5806.363562] zram: 67337, 68008, 2602
[ 5806.363631] zram: 63459, 65954, 2670
[ 5806.363695] zram: 59982, 60743, 2660
[ 5806.363765] zram: 61435, 63189, 2824
[ 5806.363829] zram: 56185, 60323, 2307
[ 5806.363889] zram: 56495, 57056, 2476
[ 5806.363940] zram: 46394, 47657, 1663
[ 5806.364012] zram: 59911, 61245, 1992
[ 5806.364094] zram: 75603, 76736, 2188
[ 5806.364162] zram: 57336, 58639, 2338
[ 5806.364220] zram: 53819, 54510, 2250
[ 5806.364287] zram: 61044, 62917, 2059
[ 5806.364467] zram: 175076, 176338, 2297
[ 5806.364560] zram: 76846, 85854, 2621
[ 5806.364651] zram: 82447, 84652, 2824
[ 5806.364720] zram: 61926, 64260, 1906
[ 5806.364792] zram: 65924, 66776, 1825
[ 5806.364866] zram: 60423, 61505, 2836
[ 5806.364931] zram: 58108, 59361, 1485
[ 5806.364997] zram: 59310, 61375, 1696
[ 5806.365064] zram: 60413, 61926, 1624
[ 5806.365133] zram: 62086, 63960, 1769
[ 5806.365209] zram: 69020, 70273, 2458
[ 5806.365295] zram: 77357, 81135, 3016
[ 5806.365314] zram: 6964, 10622, 129
[ 5806.365376] zram: 56535, 58308, 1074
[ 5806.365442] zram: 59451, 60623, 2763
[ 5806.365497] zram: 48248, 50392, 4105
[ 5806.365557] zram: 52687, 54651, 3994
[ 5806.365575] zram: 11504, 12967, 4105
[ 5806.365598] zram: 17306, 18919, 4105
[ 5806.365665] zram: 59731, 62417, 3284
[ 5806.365683] zram: 11423, 12726, 4105
[ 5806.365699] zram: 10662, 12095, 4105
[ 5806.365764] zram: 59050, 60122, 2658
[ 5806.365817] zram: 45362, 47927, 993
[ 5806.365874] zram: 51124, 51935, 987
[ 5806.365936] zram: 56104, 57476, 1243
[ 5806.366014] zram: 71135, 72918, 2294
[ 5806.366100] zram: 72657, 74101, 2731
[ 5806.366169] zram: 60453, 61385, 2783
[ 5806.366230] zram: 53448, 56675, 2628
[ 5806.366286] zram: 51706, 52306, 2280
[ 5806.366338] zram: 47657, 49280, 1971
[ 5806.366388] zram: 46575, 47306, 2024
[ 5806.366411] zram: 16474, 19720, 302
[ 5806.366453] zram: 38719, 39661, 1057
[ 5806.366493] zram: 35341, 36595, 1469
[ 5806.366519] zram: 22556, 23689, 317
[ 5806.366564] zram: 40683, 42306, 1863
[ 5806.366605] zram: 33237, 33798, 1310
[ 5806.366650] zram: 41515, 41945, 1897
[ 5806.366682] zram: 26935, 28979, 4105
[ 5806.366698] zram: 12726, 13858, 4105
[ 5806.366732] zram: 28598, 29680, 4105
[ 5806.366745] zram: 8718, 9971, 4105
[ 5806.366762] zram: 13317, 14579, 4105
[ 5806.366794] zram: 28437, 30172, 4105
[ 5806.366831] zram: 31695, 33558, 4105
[ 5806.366863] zram: 28247, 30081, 4105
[ 5806.366898] zram: 30652, 32155, 4105
[ 5806.366931] zram: 28688, 30221, 3982
[ 5806.366973] zram: 34029, 35442, 3538
[ 5806.367013] zram: 35702, 36885, 4105
[ 5806.367045] zram: 27516, 29791, 4105
[ 5806.367062] zram: 13026, 14119, 4105
[ 5806.367075] zram: 8728, 9810, 4105
[ 5806.367150] zram: 68810, 72317, 2076
[ 5806.367273] zram: 118661, 119703, 1142
[ 5806.367312] zram: 30863, 32647, 566
[ 5806.367365] zram: 49150, 50092, 1707
[ 5806.367430] zram: 58660, 61425, 2839
[ 5806.367445] zram: 9880, 11915, 145
[ 5806.367489] zram: 40913, 41604, 1574
[ 5806.367512] zram: 18929, 20352, 374
[ 5806.367560] zram: 43708, 44661, 1654
[ 5806.367584] zram: 19620, 21504, 4035
[ 5806.367631] zram: 42286, 43999, 3884
[ 5806.367645] zram: 9209, 10932, 4105
[ 5806.367657] zram: 8828, 9901, 4105
[ 5806.367703] zram: 41655, 43057, 3488
[ 5806.367749] zram: 41785, 42526, 2896
[ 5806.367771] zram: 17555, 19239, 4105
[ 5806.367817] zram: 42516, 43709, 3858
[ 5806.367833] zram: 8838, 10551, 4105
[ 5806.367845] zram: 8668, 9759, 4105
[ 5806.367891] zram: 38768, 39440, 2202
[ 5806.367929] zram: 31554, 34339, 861
[ 5806.367967] zram: 35472, 36123, 1534
[ 5806.368002] zram: 26954, 27436, 965
[ 5806.368050] zram: 42216, 44540, 1588
[ 5806.368070] zram: 16032, 17245, 4105
[ 5806.368112] zram: 37947, 39560, 4105
[ 5806.368145] zram: 28859, 29971, 4105
[ 5806.368184] zram: 35913, 37105, 3940
[ 5806.368232] zram: 43238, 44551, 2712
[ 5806.368245] zram: 8988, 10451, 4105
[ 5806.368258] zram: 8798, 9910, 4105
[ 5806.368270] zram: 8678, 9760, 4105
[ 5806.368335] zram: 58939, 60984, 4105
[ 5806.368359] zram: 11032, 12406, 4105
[ 5806.368407] zram: 42847, 44340, 4105
[ 5806.368451] zram: 39250, 40642, 4105
[ 5806.368472] zram: 15581, 17094, 4105
[ 5806.368488] zram: 9970, 11634, 4105
[ 5806.368504] zram: 10020, 12105, 4105
[ 5806.368524] zram: 10771, 17326, 4105
[ 5806.368569] zram: 40262, 41675, 3300
[ 5806.368621] zram: 46164, 48008, 4105
[ 5806.368673] zram: 45483, 47326, 4105
[ 5806.368743] zram: 62847, 65042, 4105
[ 5806.368761] zram: 11774, 13167, 4105
[ 5806.368787] zram: 12615, 14369, 4105
[ 5806.368852] zram: 59290, 61445, 3243
[ 5806.368907] zram: 46144, 46985, 978
[ 5806.368964] zram: 48769, 52387, 1209
[ 5806.369030] zram: 59792, 61024, 1672
[ 5806.369083] zram: 43609, 47196, 595
[ 5806.369135] zram: 39761, 47066, 490
[ 5806.369215] zram: 71024, 74552, 2347
[ 5806.369296] zram: 75413, 76655, 2704
[ 5806.369369] zram: 65313, 67487, 1880
[ 5806.369445] zram: 63599, 64461, 1919
[ 5806.369520] zram: 68249, 69672, 2269
[ 5806.369593] zram: 65684, 67697, 1925
[ 5806.369676] zram: 74772, 77758, 2507
[ 5806.369760] zram: 71415, 72547, 2450
[ 5806.369836] zram: 69782, 70614, 2479
[ 5806.369910] zram: 67216, 68589, 2140
[ 5806.369991] zram: 73219, 74230, 2318
[ 5806.370072] zram: 72066, 74582, 2711
[ 5806.370128] zram: 48930, 50462, 1490
[ 5806.370190] zram: 55814, 56996, 1628
[ 5806.370256] zram: 59962, 61064, 1803
[ 5806.370314] zram: 52316, 53248, 1507
[ 5806.370373] zram: 52466, 53790, 1039
[ 5806.370430] zram: 49801, 52266, 3931
[ 5806.370448] zram: 11102, 12516, 4105
[ 5806.370465] zram: 11133, 12455, 4105
[ 5806.370487] zram: 17035, 18698, 4105
[ 5806.370504] zram: 10872, 12766, 4105
[ 5806.370520] zram: 10201, 11593, 4105
[ 5806.370543] zram: 17576, 19129, 4105
[ 5806.370559] zram: 11102, 12555, 4105
[ 5806.370611] zram: 43860, 45843, 4105
[ 5806.370628] zram: 10822, 12235, 4105
[ 5806.370644] zram: 11253, 12866, 4105
[ 5806.370667] zram: 17004, 18628, 4105
[ 5806.370684] zram: 11192, 12726, 4105
[ 5806.370733] zram: 43769, 45884, 4105
[ 5806.370798] zram: 58228, 59220, 1583
[ 5806.370858] zram: 54080, 55132, 1586
[ 5806.370892] zram: 25312, 29240, 706
[ 5806.370949] zram: 48569, 51795, 907
[ 5806.371009] zram: 53769, 54581, 1494
[ 5806.371076] zram: 58108, 61766, 1673
[ 5806.371143] zram: 47576, 48459, 1659
[ 5806.371212] zram: 55002, 56906, 2995
[ 5806.371257] zram: 38278, 40302, 4105
[ 5806.371318] zram: 51284, 53489, 4013
[ 5806.371396] zram: 70343, 72417, 4017
[ 5806.371447] zram: 44490, 46394, 4105
[ 5806.371472] zram: 11544, 13167, 4105
[ 5806.371528] zram: 49430, 51415, 4105
[ 5806.371596] zram: 61895, 63419, 2303
[ 5806.371647] zram: 43559, 45472, 4105
[ 5806.371711] zram: 56495, 58518, 3864
[ 5806.371728] zram: 10742, 12455, 4105
[ 5806.371744] zram: 11042, 12716, 4105
[ 5806.371767] zram: 16734, 18337, 4105
[ 5806.371832] zram: 59441, 61164, 1845
[ 5806.371851] zram: 11203, 13006, 4105
[ 5806.371913] zram: 56194, 58589, 3982
[ 5806.371971] zram: 50422, 52848, 4105
[ 5806.372027] zram: 46976, 48889, 4105
[ 5806.372083] zram: 49391, 51174, 4021
[ 5806.372147] zram: 57397, 58498, 2320
[ 5806.372166] zram: 11794, 13498, 4105
[ 5806.372211] zram: 38789, 40722, 4105
[ 5806.372228] zram: 10972, 12375, 4105
[ 5806.372281] zram: 46194, 48078, 4105
[ 5806.372378] zram: 89742, 92217, 4105
[ 5806.372397] zram: 11273, 12585, 4105
[ 5806.372412] zram: 10191, 11663, 4105
[ 5806.372463] zram: 46544, 48138, 4105
[ 5806.372514] zram: 44771, 46625, 4105
[ 5806.372563] zram: 42988, 44821, 4105
[ 5806.372614] zram: 39020, 46394, 4105
[ 5806.372635] zram: 13808, 15451, 4105
[ 5806.372689] zram: 46315, 48358, 4105
[ 5806.372743] zram: 46635, 48699, 4105
[ 5806.372789] zram: 40062, 41805, 4105
[ 5806.372860] zram: 57788, 59240, 3188
[ 5806.372912] zram: 45372, 47176, 3991
[ 5806.372964] zram: 38769, 40632, 4105
[ 5806.372990] zram: 18668, 20531, 4105
[ 5806.373008] zram: 11573, 13177, 4105
[ 5806.373065] zram: 51735, 53539, 3820
[ 5806.373128] zram: 56023, 57878, 3760
[ 5806.373155] zram: 20541, 22236, 4105
[ 5806.373228] zram: 57848, 61605, 2134
[ 5806.373250] zram: 15331, 17185, 4105
[ 5806.373317] zram: 60763, 62677, 3854
[ 5806.373336] zram: 11283, 12676, 4105
[ 5806.373391] zram: 40813, 42797, 4105
[ 5806.373455] zram: 57156, 58849, 3489
[ 5806.373512] zram: 49661, 51594, 4105
[ 5806.373537] zram: 17967, 19881, 4105
[ 5806.373594] zram: 49070, 51265, 1354
[ 5806.373653] zram: 52728, 53659, 1460
[ 5806.373700] zram: 41384, 42837, 1101
[ 5806.373760] zram: 53830, 54601, 1455
[ 5806.373821] zram: 53368, 55684, 1326
[ 5806.373875] zram: 46915, 48339, 1229
[ 5806.373934] zram: 53028, 54220, 1611
[ 5806.373985] zram: 43809, 46264, 1012
[ 5806.374041] zram: 49290, 50783, 1446
[ 5806.374106] zram: 58309, 59371, 1575
[ 5806.374168] zram: 55994, 57346, 1693
[ 5806.374225] zram: 49150, 49902, 1315
[ 5806.374287] zram: 56024, 57116, 1638
[ 5806.374350] zram: 54902, 57577, 1556
[ 5806.374408] zram: 52938, 53629, 1561
[ 5806.374466] zram: 51525, 52637, 1405
[ 5806.374522] zram: 50583, 51605, 1260
[ 5806.374570] zram: 41214, 42176, 1157
[ 5806.374632] zram: 56374, 57506, 1645
[ 5806.374682] zram: 43789, 44510, 1395
[ 5806.374753] zram: 58529, 59811, 1850
[ 5806.374819] zram: 59431, 60773, 1768
[ 5806.374884] zram: 58840, 60062, 1680
[ 5806.374938] zram: 48198, 49040, 1223
[ 5806.374995] zram: 42376, 51635, 1202
[ 5806.375046] zram: 44771, 45653, 1606
[ 5806.375107] zram: 45914, 49150, 1382
[ 5806.375146] zram: 30422, 30883, 1144
[ 5806.375186] zram: 35793, 37225, 1276
[ 5806.375222] zram: 32286, 32797, 1447
[ 5806.375264] zram: 38207, 38970, 1364
[ 5806.375305] zram: 37597, 38769, 1491
[ 5806.375350] zram: 40653, 41454, 1734
[ 5806.375399] zram: 43488, 46725, 1650
[ 5806.375439] zram: 35482, 36013, 1145
[ 5806.375482] zram: 40302, 40823, 1609
[ 5806.375528] zram: 41525, 42165, 1735
[ 5806.375576] zram: 44300, 44961, 1640
[ 5806.375627] zram: 46425, 48519, 1864
[ 5806.375677] zram: 46294, 46776, 1898
[ 5806.375720] zram: 38769, 39260, 1686
[ 5806.375765] zram: 35532, 36003, 1478
[ 5806.375805] zram: 37095, 37546, 1422
[ 5806.375855] zram: 44831, 46644, 1808
[ 5806.375898] zram: 39781, 40693, 1725
[ 5806.375946] zram: 43628, 44521, 1643
[ 5806.375987] zram: 37376, 38078, 1468
[ 5806.376036] zram: 45322, 45833, 1850
[ 5806.376072] zram: 32306, 32957, 1265
[ 5806.376119] zram: 42597, 43979, 1765
[ 5806.376163] zram: 40262, 40743, 1566
[ 5806.376213] zram: 41645, 47336, 1974
[ 5806.376258] zram: 41504, 42006, 1939
[ 5806.376352] zram: 90193, 91115, 1309
[ 5806.376406] zram: 46103, 48208, 1291
[ 5806.376459] zram: 40773, 48538, 1135
[ 5806.376507] zram: 41043, 41745, 1299
[ 5806.376558] zram: 45713, 46665, 1184
[ 5806.376611] zram: 47486, 48158, 1320
[ 5806.376673] zram: 55272, 56695, 1440
[ 5806.376732] zram: 51956, 53528, 1229
[ 5806.376790] zram: 51014, 52937, 1303
[ 5806.376839] zram: 42817, 44179, 862
[ 5806.376897] zram: 52236, 53248, 1465
[ 5806.376964] zram: 58679, 61545, 1617
[ 5806.377033] zram: 62136, 63309, 1782
[ 5806.377099] zram: 59791, 60994, 1786
[ 5806.377152] zram: 46966, 47647, 1152
[ 5806.377200] zram: 41684, 43137, 933
[ 5806.377259] zram: 52216, 53498, 1522
[ 5806.377307] zram: 40953, 42025, 1352
[ 5806.377365] zram: 44821, 45933, 1453
[ 5806.377416] zram: 37977, 39150, 1108
[ 5806.377475] zram: 53138, 53820, 1624
[ 5806.377540] zram: 58679, 59642, 1781
[ 5806.377601] zram: 55102, 55954, 1527
[ 5806.377664] zram: 57678, 58839, 1684
[ 5806.377727] zram: 54140, 57327, 1523
[ 5806.377783] zram: 49260, 50011, 1402
[ 5806.377840] zram: 51855, 52667, 1483
[ 5806.377890] zram: 41955, 43698, 1013
[ 5806.377957] zram: 59330, 61285, 1880
[ 5806.378020] zram: 54881, 58088, 1700
[ 5806.378070] zram: 43618, 44570, 1164
[ 5806.378128] zram: 51895, 52858, 1390
[ 5806.378190] zram: 57056, 57898, 1753
[ 5806.378252] zram: 51384, 55051, 1473
[ 5806.378304] zram: 46204, 46915, 1360
[ 5806.378358] zram: 47566, 48529, 1378
[ 5806.378421] zram: 56765, 57787, 1545
[ 5806.378485] zram: 57457, 58258, 1544
[ 5806.378553] zram: 59722, 63579, 1741
[ 5806.378613] zram: 52968, 54119, 1491
[ 5806.378673] zram: 54551, 55242, 1585
[ 5806.378721] zram: 41625, 42286, 1431
[ 5806.378758] zram: 33068, 33949, 1240
[ 5806.378802] zram: 39730, 40983, 1643
[ 5806.378843] zram: 38027, 38508, 1403
[ 5806.378884] zram: 37076, 37747, 1672
[ 5806.378924] zram: 36013, 36584, 1368
[ 5806.378970] zram: 40592, 43047, 1606
[ 5806.379014] zram: 38167, 39861, 2990
[ 5806.379051] zram: 27506, 29150, 4105
[ 5806.379103] zram: 47707, 49200, 4105
[ 5806.379137] zram: 28959, 30542, 4105
[ 5806.379154] zram: 8988, 10180, 4105
[ 5806.379186] zram: 28388, 29930, 4105
[ 5806.379223] zram: 32827, 34009, 4105
[ 5806.379255] zram: 27757, 29039, 4105
[ 5806.379271] zram: 12916, 14058, 4105
[ 5806.379304] zram: 28438, 29560, 4105
[ 5806.379316] zram: 8758, 9880, 4105
[ 5806.379364] zram: 42065, 45162, 3217
[ 5806.379400] zram: 31594, 33098, 4105
[ 5806.379442] zram: 38258, 39520, 3873
[ 5806.379460] zram: 8848, 10441, 4105
[ 5806.379474] zram: 8688, 10351, 4105
[ 5806.379518] zram: 39931, 41204, 3623
[ 5806.379560] zram: 37977, 39060, 3065
[ 5806.379577] zram: 13077, 14269, 4105
[ 5806.379609] zram: 28678, 29881, 4105
[ 5806.379622] zram: 8718, 9800, 4105
[ 5806.379657] zram: 31985, 33157, 4105
[ 5806.379670] zram: 8738, 9830, 4105
[ 5806.379683] zram: 8677, 9920, 4105
[ 5806.379700] zram: 13116, 14640, 4105
[ 5806.379712] zram: 8737, 9790, 4105
[ 5806.379725] zram: 8978, 10100, 4105
[ 5806.379737] zram: 8637, 9910, 4105
[ 5806.379754] zram: 8668, 14269, 4105
[ 5806.379766] zram: 8818, 9920, 4105
[ 5806.379780] zram: 8808, 9910, 4105
[ 5806.379817] zram: 32537, 33899, 4105
[ 5806.379830] zram: 8787, 9850, 4105
[ 5806.379862] zram: 28898, 30061, 4105
[ 5806.379879] zram: 13096, 14891, 4105
[ 5806.379892] zram: 8908, 10321, 4105
[ 5806.379930] zram: 34269, 35592, 3262
[ 5806.379948] zram: 8918, 10271, 4105
[ 5806.379989] zram: 37245, 38859, 3859
[ 5806.380007] zram: 13146, 14960, 4105
[ 5806.380019] zram: 8758, 9980, 4105
[ 5806.380060] zram: 36564, 38017, 4105
[ 5806.380105] zram: 41525, 42146, 1852
[ 5806.380141] zram: 31785, 33247, 4105
[ 5806.380154] zram: 9089, 10211, 4105
[ 5806.380191] zram: 32436, 33518, 4105
[ 5806.380204] zram: 8778, 9840, 4105
[ 5806.380235] zram: 27787, 28978, 4105
[ 5806.380271] zram: 27906, 29200, 4105
[ 5806.380284] zram: 8797, 9880, 4105
[ 5806.380389] zram: 100625, 102649, 4105
[ 5806.380448] zram: 43629, 45352, 4105
[ 5806.380499] zram: 45573, 47116, 4105
[ 5806.380516] zram: 11323, 12645, 4105
[ 5806.380532] zram: 11393, 12776, 4105
[ 5806.380586] zram: 49180, 51264, 3421
[ 5806.380635] zram: 42677, 44180, 4105
[ 5806.380685] zram: 43128, 44911, 4105
[ 5806.380704] zram: 12355, 13879, 4105
[ 5806.380757] zram: 47156, 49651, 4105
[ 5806.380779] zram: 13206, 14951, 4105
[ 5806.380804] zram: 19370, 20993, 4105
[ 5806.380856] zram: 44981, 46845, 4105
[ 5806.380876] zram: 13698, 15231, 4105
[ 5806.380894] zram: 11754, 13137, 4105
[ 5806.380945] zram: 46093, 47958, 4105
[ 5806.380964] zram: 12496, 13988, 4105
[ 5806.381016] zram: 46435, 48408, 4105
[ 5806.381077] zram: 53849, 55674, 3387
[ 5806.381148] zram: 64130, 66344, 3953
[ 5806.381212] zram: 49661, 51625, 3855
[ 5806.381236] zram: 11273, 13156, 4105
[ 5806.381253] zram: 11233, 12847, 4105
[ 5806.381309] zram: 49701, 51424, 3843
[ 5806.381373] zram: 57136, 59130, 2661
[ 5806.381427] zram: 45192, 47586, 4105
[ 5806.381445] zram: 11102, 12957, 4105
[ 5806.381468] zram: 17727, 19510, 4105
[ 5806.381512] zram: 37376, 38929, 4105
[ 5806.381538] zram: 19680, 21754, 4105
[ 5806.381555] zram: 10471, 11734, 4105
[ 5806.381571] zram: 10842, 12335, 4105
[ 5806.381593] zram: 17155, 18688, 4105
[ 5806.381639] zram: 39430, 41263, 4105
[ 5806.381663] zram: 10942, 12626, 4105
[ 5806.381679] zram: 10452, 12215, 4105
[ 5806.381730] zram: 45012, 46735, 4105
[ 5806.381747] zram: 10932, 12545, 4105
[ 5806.381769] zram: 10541, 12014, 4105
[ 5806.381786] zram: 10762, 12355, 4105
[ 5806.381836] zram: 43379, 45132, 4105
[ 5806.381902] zram: 58689, 60783, 2021
[ 5806.381937] zram: 27596, 29209, 407
[ 5806.381994] zram: 50613, 51866, 1352
[ 5806.382083] zram: 80523, 83670, 2798
[ 5806.382163] zram: 72698, 73971, 2739
[ 5806.382243] zram: 73520, 74702, 2850
[ 5806.382298] zram: 49180, 50382, 1421
[ 5806.382351] zram: 47086, 47727, 1363
[ 5806.382412] zram: 54721, 56204, 1759
[ 5806.382470] zram: 51765, 53028, 926
[ 5806.382527] zram: 49160, 51384, 3538
[ 5806.382579] zram: 45002, 46915, 4105
[ 5806.382610] zram: 24149, 26073, 4105
[ 5806.382678] zram: 60593, 62467, 4105
[ 5806.382708] zram: 16023, 17706, 4105
[ 5806.382728] zram: 13998, 15591, 4105
[ 5806.382810] zram: 64771, 77057, 3044
[ 5806.382853] zram: 33398, 37246, 743
[ 5806.382905] zram: 46144, 47386, 859
[ 5806.382957] zram: 44450, 46624, 808
[ 5806.383017] zram: 52848, 54831, 1149
[ 5806.383074] zram: 48679, 52377, 1082
[ 5806.383147] zram: 50182, 51063, 1146
[ 5806.383203] zram: 50673, 51404, 1136
[ 5806.383264] zram: 54020, 55433, 1221
[ 5806.383318] zram: 46274, 49981, 947
[ 5806.383364] zram: 40001, 40733, 758
[ 5806.383403] zram: 32696, 33639, 712
[ 5806.383451] zram: 41494, 42466, 799
[ 5806.383500] zram: 42196, 42817, 773
[ 5806.383545] zram: 38920, 39631, 801
[ 5806.383583] zram: 32777, 33418, 794
[ 5806.383627] zram: 37476, 38168, 712
[ 5806.383673] zram: 39590, 41494, 780
[ 5806.383713] zram: 31804, 35212, 676
[ 5806.383756] zram: 27185, 31073, 550
[ 5806.383801] zram: 38037, 40622, 727
[ 5806.383849] zram: 42075, 42707, 774
[ 5806.383885] zram: 31424, 32045, 702
[ 5806.383956] zram: 64221, 65643, 1680
[ 5806.384027] zram: 51254, 58999, 1432
[ 5806.384078] zram: 43629, 45392, 1182
[ 5806.384143] zram: 52297, 53419, 1714
[ 5806.384192] zram: 36694, 37446, 952
[ 5806.384245] zram: 45182, 46465, 995
[ 5806.384369] zram: 117850, 118942, 959
[ 5806.384414] zram: 38588, 39090, 748
[ 5806.384456] zram: 37867, 38498, 726
[ 5806.384499] zram: 34300, 38208, 828
[ 5806.384545] zram: 41835, 42386, 952
[ 5806.384586] zram: 36484, 37186, 783
[ 5806.384629] zram: 36945, 38137, 1035
[ 5806.384675] zram: 34800, 35863, 907
[ 5806.384722] zram: 41003, 41695, 784
[ 5806.384770] zram: 42576, 43257, 791
[ 5806.384823] zram: 37827, 46785, 856
[ 5806.384866] zram: 35232, 37577, 797
[ 5806.384912] zram: 40552, 41183, 744
[ 5806.384959] zram: 41324, 41955, 754
[ 5806.385005] zram: 38568, 39590, 732
[ 5806.385043] zram: 32446, 33348, 733
[ 5806.385095] zram: 45081, 46836, 1009
[ 5806.385142] zram: 41183, 41875, 952
[ 5806.385188] zram: 39189, 40553, 882
[ 5806.385231] zram: 36565, 37787, 1127
[ 5806.385287] zram: 49009, 50713, 1222
[ 5806.385329] zram: 36134, 36765, 764
[ 5806.385383] zram: 47998, 49851, 1242
[ 5806.385434] zram: 44420, 45553, 1172
[ 5806.385477] zram: 37166, 37967, 1071
[ 5806.385534] zram: 50502, 51184, 1293
[ 5806.385585] zram: 45493, 46164, 1163
[ 5806.385636] zram: 44540, 45643, 1060
[ 5806.385678] zram: 36494, 37576, 857
[ 5806.385721] zram: 34891, 35572, 1023
[ 5806.385785] zram: 58349, 59601, 1621
[ 5806.385846] zram: 52757, 54671, 1463
[ 5806.385904] zram: 52377, 53258, 1353
[ 5806.385964] zram: 51194, 55222, 1380
[ 5806.386021] zram: 51154, 51875, 1360
[ 5806.386077] zram: 48799, 49640, 1290
[ 5806.386140] zram: 56996, 58288, 1619
[ 5806.386194] zram: 46034, 48609, 1127
[ 5806.386248] zram: 48218, 49260, 1207
[ 5806.386308] zram: 53308, 54320, 1477
[ 5806.386369] zram: 54400, 55933, 1498
[ 5806.386424] zram: 48599, 50612, 1253
[ 5806.386485] zram: 54350, 55312, 1564
[ 5806.386541] zram: 49640, 50373, 1383
[ 5806.386594] zram: 46404, 47196, 1240
[ 5806.386652] zram: 45883, 52537, 1423
[ 5806.386700] zram: 42326, 43017, 1285
[ 5806.386755] zram: 48719, 49781, 1364
[ 5806.386804] zram: 43027, 43960, 1039
[ 5806.386855] zram: 45703, 46435, 1213
[ 5806.386897] zram: 30151, 36714, 930
[ 5806.386940] zram: 37286, 38197, 1118
[ 5806.386985] zram: 38768, 39631, 822
[ 5806.387027] zram: 36334, 37136, 885
[ 5806.387061] zram: 28107, 28849, 745
[ 5806.387125] zram: 58038, 58879, 840
[ 5806.387186] zram: 54100, 55262, 1645
[ 5806.387226] zram: 34761, 35372, 824
[ 5806.387280] zram: 47577, 48338, 1358
[ 5806.387331] zram: 44069, 44741, 1436
[ 5806.387372] zram: 35873, 36584, 1512
[ 5806.387409] zram: 34040, 34510, 1105
[ 5806.387451] zram: 37536, 38588, 1392
[ 5806.387480] zram: 25692, 26324, 784
[ 5806.387512] zram: 28538, 29029, 865
[ 5806.387546] zram: 31374, 31875, 1323
[ 5806.387588] zram: 38688, 39320, 1463
[ 5806.387628] zram: 30512, 36925, 1338
[ 5806.387662] zram: 30763, 31213, 1347
[ 5806.387701] zram: 36233, 36705, 1382
[ 5806.387736] zram: 31544, 31974, 1341
[ 5806.387773] zram: 32987, 33829, 1108
[ 5806.387805] zram: 28878, 29350, 1115
[ 5806.387839] zram: 25743, 27005, 936
[ 5806.387882] zram: 35893, 38969, 1391
[ 5806.387917] zram: 30783, 31754, 1168
[ 5806.387953] zram: 32567, 33017, 1029
[ 5806.387985] zram: 28819, 29680, 1066
[ 5806.388017] zram: 28708, 29601, 847
[ 5806.388057] zram: 35352, 36694, 1318
[ 5806.388091] zram: 30261, 31103, 1276
[ 5806.388129] zram: 35222, 35682, 1269
[ 5806.388167] zram: 34179, 34590, 1474
[ 5806.388238] zram: 68209, 69030, 1592
[ 5806.388280] zram: 36083, 37035, 1498
[ 5806.388386] zram: 101767, 103851, 2056
[ 5806.388445] zram: 51705, 52407, 1409
[ 5806.388506] zram: 55293, 56565, 1915
[ 5806.388564] zram: 51655, 54330, 1623
[ 5806.388627] zram: 54892, 56374, 1743
[ 5806.388693] zram: 60383, 62276, 1903
[ 5806.388751] zram: 51304, 52416, 1583
[ 5806.388820] zram: 62497, 63489, 1741
[ 5806.388890] zram: 63158, 63980, 1806
[ 5806.388952] zram: 54962, 55873, 1458
[ 5806.389009] zram: 49782, 52156, 1339
[ 5806.389075] zram: 59511, 60614, 1752
[ 5806.389125] zram: 43708, 45192, 1028
[ 5806.389175] zram: 43638, 44320, 1074
[ 5806.389225] zram: 44590, 45553, 1259
[ 5806.389270] zram: 38538, 39200, 1244
[ 5806.389324] zram: 42837, 43569, 1377
[ 5806.389378] zram: 46495, 48719, 1265
[ 5806.389433] zram: 49120, 49831, 1268
[ 5806.389494] zram: 50924, 54380, 2805
[ 5806.389512] zram: 11063, 12836, 4105
[ 5806.389583] zram: 51695, 59862, 3857
[ 5806.389602] zram: 11954, 13597, 4105
[ 5806.389619] zram: 10892, 12425, 4105
[ 5806.389682] zram: 57817, 59812, 3288
[ 5806.389725] zram: 36284, 37987, 814
[ 5806.389773] zram: 41735, 43047, 1122
[ 5806.389832] zram: 52356, 53378, 1467
[ 5806.389892] zram: 54420, 55162, 1457
[ 5806.389948] zram: 43439, 50483, 1225
[ 5806.390001] zram: 46835, 47686, 1437
[ 5806.390056] zram: 43519, 44320, 1281
[ 5806.390111] zram: 47837, 49881, 1302
[ 5806.390171] zram: 52767, 54120, 1437
[ 5806.390226] zram: 47506, 48679, 1196
[ 5806.390277] zram: 44701, 45573, 1217
[ 5806.390338] zram: 54300, 55342, 1553
[ 5806.390394] zram: 50633, 51484, 1393
[ 5806.390452] zram: 51244, 52197, 1445
[ 5806.390508] zram: 48418, 51905, 1377
[ 5806.390564] zram: 49480, 50162, 1311
[ 5806.390612] zram: 43217, 43960, 1330
[ 5806.390668] zram: 43308, 44190, 1369
[ 5806.390725] zram: 51504, 52436, 1461
[ 5806.390780] zram: 47967, 49752, 1258
[ 5806.390821] zram: 33658, 35102, 937
[ 5806.390856] zram: 31404, 32105, 1240
[ 5806.390896] zram: 32015, 32426, 1297
[ 5806.390936] zram: 36474, 37035, 1362
[ 5806.390970] zram: 29049, 29500, 1187
[ 5806.391009] zram: 34019, 36824, 1178
[ 5806.391039] zram: 25522, 26734, 912
[ 5806.391091] zram: 43849, 44981, 1488
[ 5806.391135] zram: 39220, 39811, 1537
[ 5806.391170] zram: 30872, 32376, 1120
[ 5806.391203] zram: 29159, 29690, 1233
[ 5806.391239] zram: 33618, 34059, 1247
[ 5806.391277] zram: 34119, 34571, 1420
[ 5806.391319] zram: 38748, 39480, 1419
[ 5806.391360] zram: 37927, 38438, 1447
[ 5806.391405] zram: 40232, 41885, 1888
[ 5806.391445] zram: 32396, 32937, 1436
[ 5806.391493] zram: 43277, 44280, 1633
[ 5806.391540] zram: 42076, 44590, 1639
[ 5806.391574] zram: 28347, 29140, 1050
[ 5806.391609] zram: 30993, 32065, 953
[ 5806.391638] zram: 25202, 26333, 825
[ 5806.391671] zram: 30151, 30573, 917
[ 5806.391700] zram: 26143, 26554, 963
[ 5806.391740] zram: 37376, 37957, 1498
[ 5806.391770] zram: 24841, 25952, 926
[ 5806.391814] zram: 40973, 41494, 1682
[ 5806.391854] zram: 35221, 37166, 1350
[ 5806.391888] zram: 31073, 31484, 1256
[ 5806.391923] zram: 31414, 32346, 1002
[ 5806.391962] zram: 27435, 35122, 1041
[ 5806.392003] zram: 38027, 38528, 1609
[ 5806.392045] zram: 37917, 38588, 1476
[ 5806.392086] zram: 37947, 38618, 1448
[ 5806.392127] zram: 34019, 37106, 1514
[ 5806.392164] zram: 33317, 33799, 1176
[ 5806.392200] zram: 32596, 33088, 1431
[ 5806.392240] zram: 32336, 32947, 1336
[ 5806.392339] zram: 92569, 96296, 1370
[ 5806.392399] zram: 52426, 54701, 1545
[ 5806.392457] zram: 52838, 53589, 1598
[ 5806.392502] zram: 38147, 40062, 1261
[ 5806.392548] zram: 35532, 36384, 1039
[ 5806.392589] zram: 35422, 36184, 818
[ 5806.392643] zram: 48359, 49090, 1370
[ 5806.392700] zram: 50883, 51715, 1330
[ 5806.392744] zram: 37657, 38218, 1045
[ 5806.392795] zram: 44981, 46154, 1077
[ 5806.392846] zram: 44230, 46375, 1012
[ 5806.392909] zram: 54311, 55823, 1655
[ 5806.392962] zram: 46595, 47607, 1396
[ 5806.393023] zram: 55172, 56304, 1614
[ 5806.393079] zram: 49380, 50102, 1293
[ 5806.393134] zram: 49430, 50262, 1360
[ 5806.393192] zram: 51134, 51835, 1448
[ 5806.393247] zram: 48860, 49901, 1379
[ 5806.393298] zram: 43418, 45453, 1335
[ 5806.393355] zram: 45312, 46213, 1382
[ 5806.393415] zram: 47457, 48449, 1503
[ 5806.393466] zram: 44100, 46695, 1124
[ 5806.393523] zram: 50763, 51564, 1389
[ 5806.393577] zram: 45032, 48849, 1210
[ 5806.393632] zram: 49230, 50302, 1467
[ 5806.393690] zram: 51414, 52417, 1521
[ 5806.393747] zram: 50042, 50833, 1411
[ 5806.393796] zram: 42847, 43588, 1198
[ 5806.393843] zram: 41114, 41855, 1309
[ 5806.393887] zram: 39009, 39600, 1015
[ 5806.393944] zram: 50743, 51524, 1447
[ 5806.393997] zram: 46986, 47737, 1312
[ 5806.394045] zram: 42547, 43218, 970
[ 5806.394106] zram: 55212, 56024, 1644
[ 5806.394166] zram: 53819, 54641, 1492
[ 5806.394225] zram: 52316, 53589, 1517
[ 5806.394267] zram: 36183, 36895, 1052
[ 5806.394322] zram: 48909, 49901, 1485
[ 5806.394380] zram: 49690, 53158, 1378
[ 5806.394441] zram: 53910, 55723, 1334
[ 5806.394495] zram: 47587, 48378, 1282
[ 5806.394552] zram: 48950, 49721, 1324
[ 5806.394604] zram: 45352, 47165, 1292
[ 5806.394656] zram: 45973, 47076, 1249
[ 5806.394712] zram: 48578, 50904, 3523
[ 5806.394758] zram: 38588, 40632, 4105
[ 5806.394783] zram: 17716, 19540, 4105
[ 5806.394833] zram: 44150, 46144, 4105
[ 5806.394851] zram: 11834, 13136, 4105
[ 5806.394867] zram: 10381, 11864, 4105
[ 5806.394917] zram: 44420, 46214, 4105
[ 5806.394969] zram: 45302, 47276, 4105
[ 5806.394986] zram: 10581, 12105, 4105
[ 5806.395001] zram: 10411, 11804, 4105
[ 5806.395052] zram: 45272, 47046, 4105
[ 5806.395078] zram: 17926, 19740, 4105
[ 5806.395138] zram: 44972, 46645, 4105
[ 5806.395156] zram: 11453, 12986, 4105
[ 5806.395172] zram: 10532, 11904, 4105
[ 5806.395188] zram: 10651, 12355, 4105
[ 5806.395211] zram: 10572, 12215, 4105
[ 5806.395262] zram: 45463, 47216, 3825
[ 5806.395319] zram: 44851, 52687, 3534
[ 5806.395382] zram: 55643, 57648, 3981
[ 5806.395445] zram: 56264, 58108, 4105
[ 5806.395463] zram: 10892, 12525, 4105
[ 5806.395479] zram: 10702, 12095, 4105
[ 5806.395546] zram: 61525, 63629, 3261
[ 5806.395571] zram: 17596, 19299, 4105
[ 5806.395629] zram: 52817, 54350, 2538
[ 5806.395686] zram: 43719, 51354, 3946
[ 5806.395731] zram: 35913, 37877, 4105
[ 5806.395781] zram: 42918, 44931, 4105
[ 5806.395799] zram: 11303, 13107, 4105
[ 5806.395823] zram: 11894, 13578, 4105
[ 5806.395879] zram: 49039, 51114, 4105
[ 5806.395946] zram: 60333, 62147, 2337
[ 5806.395963] zram: 10230, 11924, 4105
[ 5806.396007] zram: 40062, 41294, 4026
[ 5806.396050] zram: 34340, 39781, 4105
[ 5806.396063] zram: 9118, 10181, 4105
[ 5806.396095] zram: 28528, 29600, 4105
[ 5806.396143] zram: 43419, 44591, 1511
[ 5806.396186] zram: 39250, 39991, 1230
[ 5806.396210] zram: 20201, 21724, 347
[ 5806.396269] zram: 53639, 55894, 2562
[ 5806.396392] zram: 117378, 118621, 2456
[ 5806.396467] zram: 68169, 69511, 2321
[ 5806.396529] zram: 56805, 57808, 1812
[ 5806.396589] zram: 49550, 50703, 1735
[ 5806.396652] zram: 56725, 57937, 1530
[ 5806.396702] zram: 37036, 38509, 742
[ 5806.396759] zram: 51384, 52186, 1229
[ 5806.396818] zram: 52977, 53889, 1244
[ 5806.396871] zram: 45713, 47356, 592
[ 5806.396911] zram: 33949, 35171, 368
[ 5806.396977] zram: 60262, 61185, 1638
[ 5806.397060] zram: 76265, 77287, 2705
[ 5806.397143] zram: 76245, 78229, 2942
[ 5806.397231] zram: 76255, 77898, 2991
[ 5806.397306] zram: 66836, 69632, 2583
[ 5806.397368] zram: 53499, 54651, 2296
[ 5806.397419] zram: 46324, 47888, 1961
[ 5806.397453] zram: 25282, 30913, 878
[ 5806.397492] zram: 34159, 35613, 893
[ 5806.397538] zram: 42576, 43098, 1938
[ 5806.397556] zram: 14379, 15863, 4105
[ 5806.397597] zram: 36885, 38298, 4105
[ 5806.397624] zram: 22466, 23618, 3995
[ 5806.397671] zram: 42597, 44180, 3918
[ 5806.397687] zram: 11113, 12876, 4105
[ 5806.397704] zram: 13277, 14420, 4105
[ 5806.397735] zram: 27246, 28297, 4105
[ 5806.397784] zram: 44510, 46394, 1793
[ 5806.397820] zram: 32175, 33428, 4105
[ 5806.397858] zram: 33207, 34590, 4105
[ 5806.397872] zram: 8808, 9870, 4105
[ 5806.397917] zram: 41154, 42406, 3569
[ 5806.397965] zram: 44270, 45082, 2891
[ 5806.398009] zram: 39069, 40543, 4105
[ 5806.398022] zram: 8838, 9920, 4105
[ 5806.398034] zram: 9009, 10111, 4105
[ 5806.398074] zram: 35582, 37366, 3821
[ 5806.398109] zram: 31193, 31925, 1147
[ 5806.398144] zram: 31825, 32796, 832
[ 5806.398178] zram: 29880, 30703, 974
[ 5806.398233] zram: 51615, 52667, 2391
[ 5806.398293] zram: 54611, 56134, 2659
[ 5806.398339] zram: 41935, 43018, 1790
[ 5806.398381] zram: 37948, 39310, 1569
[ 5806.398410] zram: 24580, 25502, 800
[ 5806.398454] zram: 38057, 39861, 995
[ 5806.398496] zram: 36634, 39179, 2999
[ 5806.398527] zram: 27035, 28277, 4105
[ 5806.398539] zram: 8777, 9880, 4105
[ 5806.398557] zram: 13166, 15331, 4105
[ 5806.398602] zram: 40843, 41735, 2419
[ 5806.398622] zram: 15782, 17506, 4105
[ 5806.398661] zram: 34470, 35743, 3983
[ 5806.398702] zram: 36815, 38519, 4105
[ 5806.398715] zram: 8798, 10261, 4105
[ 5806.398756] zram: 37075, 38608, 4105
[ 5806.398805] zram: 44961, 45913, 2064
[ 5806.398818] zram: 8898, 10261, 4105
[ 5806.398831] zram: 8968, 10071, 4105
[ 5806.398843] zram: 8678, 9860, 4105
[ 5806.398861] zram: 13037, 14159, 4105
[ 5806.398874] zram: 8778, 9880, 4105
[ 5806.398886] zram: 8838, 9960, 4105
[ 5806.398923] zram: 32777, 33939, 4105
[ 5806.398956] zram: 28858, 30692, 4105
[ 5806.398991] zram: 31213, 32346, 4105
[ 5806.399028] zram: 32706, 34270, 3352
[ 5806.399045] zram: 13567, 14619, 4105
[ 5806.399077] zram: 28017, 29070, 4105
[ 5806.399135] zram: 29199, 30903, 4105
[ 5806.399148] zram: 8868, 10010, 4105
[ 5806.399184] zram: 32607, 33729, 4105
[ 5806.399197] zram: 9159, 10271, 4105
[ 5806.399210] zram: 8878, 10161, 4105
[ 5806.399227] zram: 13277, 14379, 4105
[ 5806.399240] zram: 8788, 10000, 4105
[ 5806.399253] zram: 8868, 10080, 4105
[ 5806.399266] zram: 8828, 10000, 4105
[ 5806.399301] zram: 31915, 33007, 4105
[ 5806.399313] zram: 8737, 9840, 4105
[ 5806.399351] zram: 33047, 34580, 3089
[ 5806.399392] zram: 37666, 38839, 1778
[ 5806.399439] zram: 42717, 43388, 1668
[ 5806.399482] zram: 39741, 40673, 1411
[ 5806.399530] zram: 37947, 44891, 1735
[ 5806.399568] zram: 34150, 35071, 1375
[ 5806.399611] zram: 39690, 40563, 1498
[ 5806.399656] zram: 38849, 41715, 1489
[ 5806.399693] zram: 32606, 34009, 1332
[ 5806.399737] zram: 39130, 41043, 1586
[ 5806.399778] zram: 35983, 36985, 1234
[ 5806.399815] zram: 33468, 33889, 1328
[ 5806.399849] zram: 30151, 31253, 1042
[ 5806.399888] zram: 35642, 36134, 1576
[ 5806.399930] zram: 34069, 35021, 1427
[ 5806.399972] zram: 38508, 38979, 1458
[ 5806.400017] zram: 41765, 42336, 1621
[ 5806.400057] zram: 35141, 36353, 1397
[ 5806.400101] zram: 40873, 41324, 1486
[ 5806.400141] zram: 37065, 37547, 1425
[ 5806.400172] zram: 26745, 27666, 888
[ 5806.400212] zram: 37296, 37887, 1270
[ 5806.400267] zram: 51585, 52647, 2093
[ 5806.400375] zram: 103711, 104823, 2510
[ 5806.400452] zram: 64321, 65403, 2131
[ 5806.400529] zram: 68098, 71044, 2605
[ 5806.400569] zram: 33087, 35382, 647
[ 5806.400613] zram: 39410, 40763, 895
[ 5806.400670] zram: 51685, 52968, 1180
[ 5806.400692] zram: 6864, 15972, 161
[ 5806.400758] zram: 61145, 63028, 1881
[ 5806.400837] zram: 72116, 73600, 2416
[ 5806.400898] zram: 54621, 55532, 1598
[ 5806.400965] zram: 60363, 61855, 1805
[ 5806.400997] zram: 16032, 26895, 206
[ 5806.401059] zram: 55172, 56986, 1258
[ 5806.401078] zram: 12175, 13638, 4105
[ 5806.401094] zram: 11003, 12645, 4105
[ 5806.401147] zram: 46745, 48569, 4105
[ 5806.401199] zram: 45142, 47005, 4105
[ 5806.401251] zram: 43939, 45532, 4105
[ 5806.401270] zram: 11764, 13427, 4105
[ 5806.401286] zram: 10872, 12415, 4105
[ 5806.401309] zram: 18016, 19570, 4105
[ 5806.401361] zram: 39510, 46965, 4105
[ 5806.401379] zram: 11704, 13317, 4105
[ 5806.401429] zram: 43779, 45833, 4105
[ 5806.401447] zram: 11864, 13287, 4105
[ 5806.401462] zram: 10281, 11654, 4105
[ 5806.401486] zram: 18016, 19770, 4105
[ 5806.401502] zram: 10852, 12545, 4105
[ 5806.401553] zram: 44741, 46495, 4105
[ 5806.401598] zram: 38589, 40161, 4105
[ 5806.401622] zram: 11423, 13166, 4105
[ 5806.401675] zram: 47607, 49430, 3266
[ 5806.401695] zram: 11282, 12926, 4105
[ 5806.401748] zram: 46695, 48709, 4105
[ 5806.401766] zram: 11153, 12736, 4105
[ 5806.401782] zram: 10642, 12375, 4105
[ 5806.401805] zram: 11403, 13006, 4105
[ 5806.401821] zram: 10200, 11684, 4105
[ 5806.401837] zram: 10631, 12075, 4105
[ 5806.401887] zram: 44932, 46655, 4105
[ 5806.401911] zram: 11213, 18848, 4105
[ 5806.401956] zram: 38729, 40492, 4105
[ 5806.401981] zram: 18577, 20312, 4105
[ 5806.401998] zram: 10501, 11934, 4105
[ 5806.402014] zram: 10822, 12395, 4105
[ 5806.402064] zram: 45121, 46805, 3950
[ 5806.402123] zram: 51123, 53088, 3538
[ 5806.402195] zram: 63610, 66104, 4027
[ 5806.402254] zram: 51525, 53429, 4105
[ 5806.402312] zram: 50894, 52717, 4105
[ 5806.402365] zram: 46164, 48088, 4105
[ 5806.402417] zram: 45673, 47437, 4105
[ 5806.402482] zram: 56665, 60173, 2042
[ 5806.402538] zram: 49291, 51204, 3931
[ 5806.402556] zram: 10943, 12405, 4105
[ 5806.402572] zram: 10512, 11975, 4105
[ 5806.402595] zram: 17575, 19119, 4105
[ 5806.402612] zram: 11233, 12856, 4105
[ 5806.402627] zram: 10652, 12245, 4105
[ 5806.402651] zram: 18026, 19901, 4105
[ 5806.402668] zram: 10612, 12205, 4105
[ 5806.402684] zram: 10361, 11944, 4105
[ 5806.402737] zram: 46084, 48249, 4105
[ 5806.402755] zram: 11744, 13267, 4105
[ 5806.402778] zram: 10882, 19009, 4105
[ 5806.402795] zram: 10361, 11944, 4105
[ 5806.402847] zram: 46514, 48408, 4105
[ 5806.402864] zram: 11023, 12455, 4105
[ 5806.402879] zram: 10311, 11784, 4105
[ 5806.402930] zram: 38398, 40262, 4105
[ 5806.402983] zram: 45743, 47817, 3440
[ 5806.403041] zram: 51084, 52707, 3946
[ 5806.403122] zram: 73289, 75624, 3956
[ 5806.403182] zram: 47005, 48909, 4105
[ 5806.403235] zram: 38959, 41194, 4105
[ 5806.403292] zram: 49721, 51605, 4036
[ 5806.403360] zram: 60834, 62877, 2208
[ 5806.403404] zram: 35442, 37336, 4105
[ 5806.403464] zram: 53608, 55533, 3916
[ 5806.403482] zram: 11563, 12976, 4105
[ 5806.403506] zram: 17806, 19540, 4105
[ 5806.403561] zram: 48969, 50783, 3891
[ 5806.403623] zram: 54922, 56845, 3679
[ 5806.403640] zram: 10782, 12175, 4105
[ 5806.403701] zram: 55713, 56786, 1626
[ 5806.403734] zram: 26665, 28278, 401
[ 5806.403805] zram: 57166, 59111, 1512
[ 5806.403854] zram: 42075, 43688, 721
[ 5806.403901] zram: 33428, 35392, 435
[ 5806.403952] zram: 44881, 46124, 527
[ 5806.404033] zram: 74011, 75864, 2532
[ 5806.404120] zram: 81295, 82217, 2658
[ 5806.404200] zram: 70563, 72257, 2719
[ 5806.404281] zram: 74812, 76124, 2804
[ 5806.404369] zram: 72768, 75914, 2710
[ 5806.404446] zram: 70834, 72007, 2536
[ 5806.404525] zram: 72929, 74051, 2769
[ 5806.404583] zram: 45132, 46154, 1609
[ 5806.404642] zram: 52557, 53989, 1435
[ 5806.404718] zram: 63650, 71395, 2023
[ 5806.404761] zram: 36364, 37827, 994
[ 5806.404818] zram: 49430, 51925, 870
[ 5806.404883] zram: 58188, 59100, 1881
[ 5806.404908] zram: 17947, 19800, 4105
[ 5806.404965] zram: 50994, 52867, 4027
[ 5806.405027] zram: 55172, 57046, 4105
[ 5806.405091] zram: 56645, 58609, 3857
[ 5806.405110] zram: 10892, 12355, 4105
[ 5806.405126] zram: 10882, 12155, 4105
[ 5806.405189] zram: 57076, 58609, 1696
[ 5806.405251] zram: 55012, 57317, 3977
[ 5806.405276] zram: 18077, 19680, 4105
[ 5806.405300] zram: 17225, 18829, 4105
[ 5806.405362] zram: 56114, 57246, 2262
[ 5806.405411] zram: 43319, 44190, 714
[ 5806.405466] zram: 48258, 49431, 1057
[ 5806.405523] zram: 51435, 52436, 1168
[ 5806.405558] zram: 28107, 29350, 305
[ 5806.405616] zram: 52887, 53860, 659
[ 5806.405685] zram: 62146, 64040, 2029
[ 5806.405771] zram: 73299, 74281, 2681
[ 5806.405849] zram: 69511, 72016, 2474
[ 5806.405922] zram: 65262, 66575, 2234
[ 5806.406005] zram: 75714, 76916, 2467
[ 5806.406084] zram: 70544, 73920, 2397
[ 5806.406162] zram: 71977, 72818, 2712
[ 5806.406255] zram: 79151, 86947, 2672
[ 5806.406334] zram: 72518, 73570, 2624
[ 5806.406410] zram: 69421, 70393, 2364
[ 5806.406439] zram: 21754, 24109, 231
[ 5806.406505] zram: 60763, 61705, 1904
[ 5806.406572] zram: 59190, 61645, 1617
[ 5806.406643] zram: 64380, 65263, 2053
[ 5806.406690] zram: 39009, 42025, 422
[ 5806.406746] zram: 50343, 51484, 986
[ 5806.406809] zram: 56024, 58038, 3929
[ 5806.406875] zram: 58389, 60132, 3958
[ 5806.406944] zram: 60132, 62137, 4036
[ 5806.406997] zram: 45823, 47687, 4105
[ 5806.407014] zram: 11553, 12816, 4105
[ 5806.407066] zram: 46515, 48369, 3429
[ 5806.407192] zram: 120004, 122319, 4105
[ 5806.407229] zram: 28929, 30442, 4105
[ 5806.407292] zram: 58208, 59430, 2199
[ 5806.407352] zram: 54421, 55583, 1429
[ 5806.407409] zram: 50853, 52337, 1067
[ 5806.407481] zram: 65883, 67717, 1948
[ 5806.407552] zram: 65233, 66195, 2097
[ 5806.407576] zram: 15161, 18046, 329
[ 5806.407654] zram: 72037, 73790, 1756
[ 5806.407722] zram: 61245, 62807, 1890
[ 5806.407742] zram: 13087, 14930, 4105
[ 5806.407813] zram: 62417, 64260, 3865
[ 5806.407843] zram: 23017, 24800, 4105
[ 5806.407861] zram: 11984, 13978, 4105
[ 5806.407931] zram: 64030, 65884, 3365
[ 5806.407956] zram: 18207, 19850, 4105
[ 5806.408008] zram: 45673, 46945, 2518
[ 5806.408064] zram: 42607, 44590, 3931
[ 5806.408116] zram: 44941, 46835, 4105
[ 5806.408140] zram: 17516, 19089, 4105
[ 5806.408157] zram: 11534, 13006, 4105
[ 5806.408174] zram: 11303, 13016, 4105
[ 5806.408190] zram: 10792, 12245, 4105
[ 5806.408241] zram: 38578, 40452, 4105
[ 5806.408334] zram: 85534, 88189, 4105
[ 5806.408354] zram: 12164, 13748, 4105
[ 5806.408405] zram: 42977, 44831, 4105
[ 5806.408458] zram: 45702, 47547, 4105
[ 5806.408511] zram: 45513, 47236, 4105
[ 5806.408564] zram: 41234, 48749, 3630
[ 5806.408614] zram: 43749, 45392, 1000
[ 5806.408672] zram: 44039, 46194, 972
[ 5806.408728] zram: 50022, 51004, 1379
[ 5806.408791] zram: 55813, 59070, 2253
[ 5806.408844] zram: 48058, 49390, 1981
[ 5806.408889] zram: 40161, 41434, 1577
[ 5806.408909] zram: 15853, 17616, 247
[ 5806.408950] zram: 36034, 37767, 939
[ 5806.408976] zram: 21994, 23538, 761
[ 5806.409006] zram: 25632, 26864, 779
[ 5806.409052] zram: 42737, 43919, 1654
[ 5806.409081] zram: 23888, 24320, 937
[ 5806.409113] zram: 27986, 28558, 871
[ 5806.409148] zram: 30783, 32506, 4105
[ 5806.409193] zram: 40913, 42166, 4011
[ 5806.409236] zram: 38748, 40031, 4105
[ 5806.409249] zram: 8898, 10341, 4105
[ 5806.409267] zram: 14429, 15521, 4105
[ 5806.409315] zram: 44611, 45141, 1979
[ 5806.409356] zram: 31874, 37877, 4022
[ 5806.409368] zram: 8888, 10010, 4105
[ 5806.409382] zram: 8738, 10751, 4105
[ 5806.409428] zram: 42236, 43849, 3318
[ 5806.409461] zram: 28438, 29921, 1149
[ 5806.409498] zram: 32376, 33819, 1120
[ 5806.409531] zram: 29450, 30241, 1192
[ 5806.409570] zram: 31303, 32175, 1240
[ 5806.409608] zram: 33267, 34380, 1198
[ 5806.409647] zram: 34951, 35983, 1589
[ 5806.409692] zram: 41254, 41855, 1534
[ 5806.409731] zram: 35592, 36184, 1377
[ 5806.409757] zram: 21133, 23588, 611
[ 5806.409787] zram: 25592, 26564, 687
[ 5806.409825] zram: 34219, 35402, 1492
[ 5806.409868] zram: 40172, 40783, 1570
[ 5806.409914] zram: 40703, 43097, 2462
[ 5806.409927] zram: 8838, 9940, 4105
[ 5806.409973] zram: 41725, 43218, 3916
[ 5806.409988] zram: 11072, 12134, 4105
[ 5806.410021] zram: 28067, 30332, 4105
[ 5806.410056] zram: 26784, 28358, 4105
[ 5806.410107] zram: 45392, 47005, 3417
[ 5806.410120] zram: 9229, 10351, 4105
[ 5806.410169] zram: 45202, 46455, 3632
[ 5806.410182] zram: 9038, 10161, 4105
[ 5806.410226] zram: 39771, 40773, 2413
[ 5806.410260] zram: 30963, 31624, 1298
[ 5806.410297] zram: 32656, 34090, 1181
[ 5806.410332] zram: 26895, 32196, 1037
[ 5806.410363] zram: 27696, 28328, 1146
[ 5806.410401] zram: 33999, 34450, 1294
[ 5806.410434] zram: 29771, 30312, 1179
[ 5806.410474] zram: 36164, 37657, 1294
[ 5806.410506] zram: 28148, 28739, 1134
[ 5806.410548] zram: 36945, 39811, 1375
[ 5806.410589] zram: 37176, 37797, 1316
[ 5806.410632] zram: 36505, 38829, 1558
[ 5806.410669] zram: 29119, 29550, 1209
[ 5806.410706] zram: 33088, 33949, 1082
[ 5806.410738] zram: 29039, 29940, 1228
[ 5806.410780] zram: 38668, 39079, 1484
[ 5806.410815] zram: 31394, 31905, 1301
[ 5806.410860] zram: 38057, 38549, 1554
[ 5806.410908] zram: 43829, 44851, 1671
[ 5806.410956] zram: 43879, 44460, 1622
[ 5806.410996] zram: 36835, 37316, 1618
[ 5806.411037] zram: 33508, 33959, 1436
[ 5806.411070] zram: 28708, 29861, 834
[ 5806.411129] zram: 54350, 56034, 1343
[ 5806.411169] zram: 35162, 35913, 1511
[ 5806.411210] zram: 37777, 38228, 1346
[ 5806.411251] zram: 36654, 37156, 1287
[ 5806.411288] zram: 33318, 33889, 1488
[ 5806.411327] zram: 36334, 36815, 1485
[ 5806.411361] zram: 30101, 30783, 1223
[ 5806.411394] zram: 30612, 31033, 1025
[ 5806.411440] zram: 40342, 43017, 1481
[ 5806.411476] zram: 32035, 32746, 1400
[ 5806.411517] zram: 36334, 38037, 1332
[ 5806.411559] zram: 38929, 39530, 1473
[ 5806.411590] zram: 27726, 28388, 1099
[ 5806.411628] zram: 31975, 34460, 1121
[ 5806.411665] zram: 34089, 34550, 1443
[ 5806.411703] zram: 33848, 34641, 1135
[ 5806.411735] zram: 24901, 29790, 901
[ 5806.411763] zram: 24349, 24910, 946
[ 5806.411803] zram: 36154, 36595, 1350
[ 5806.411842] zram: 35101, 35823, 1531
[ 5806.411887] zram: 41084, 41855, 1468
[ 5806.411930] zram: 40322, 40753, 1473
[ 5806.411970] zram: 34760, 36925, 1568
[ 5806.412010] zram: 36824, 37496, 1435
[ 5806.412048] zram: 33899, 34370, 1342
[ 5806.412092] zram: 38318, 41594, 1793
[ 5806.412142] zram: 45382, 46324, 1721
[ 5806.412187] zram: 41184, 41805, 1584
[ 5806.412229] zram: 39059, 39751, 1476
[ 5806.412260] zram: 26594, 27045, 1063
[ 5806.412330] zram: 66395, 67367, 938
[ 5806.412377] zram: 40993, 41765, 1009
[ 5806.412437] zram: 55433, 56184, 1758
[ 5806.412496] zram: 51835, 52576, 1709
[ 5806.412558] zram: 54842, 58008, 1702
[ 5806.412614] zram: 50823, 51644, 1418
[ 5806.412669] zram: 49391, 50352, 1547
[ 5806.412734] zram: 57998, 59481, 1743
[ 5806.412796] zram: 55994, 56815, 1551
[ 5806.412854] zram: 51675, 52466, 1416
[ 5806.412915] zram: 55493, 56254, 1615
[ 5806.412978] zram: 54992, 57687, 1540
[ 5806.413040] zram: 52116, 56435, 1439
[ 5806.413097] zram: 51044, 51985, 1356
[ 5806.413158] zram: 55843, 56665, 1581
[ 5806.413221] zram: 56254, 57247, 1518
[ 5806.413278] zram: 50352, 52287, 1272
[ 5806.413333] zram: 49681, 50352, 1244
[ 5806.413394] zram: 52467, 53569, 1441
[ 5806.413463] zram: 62146, 63840, 1853
[ 5806.413520] zram: 50362, 51164, 1387
[ 5806.413575] zram: 49882, 50854, 1318
[ 5806.413631] zram: 49641, 50332, 1367
[ 5806.413681] zram: 43839, 44781, 1405
[ 5806.413738] zram: 44290, 46214, 1320
[ 5806.413800] zram: 56816, 57627, 1655
[ 5806.413860] zram: 53569, 54360, 1400
[ 5806.413920] zram: 53950, 54881, 1376
[ 5806.413981] zram: 54431, 55543, 1416
[ 5806.414045] zram: 57597, 58649, 1629
[ 5806.414096] zram: 44540, 45954, 1008
[ 5806.414155] zram: 52547, 53318, 1440
[ 5806.414218] zram: 56595, 57547, 1614
[ 5806.414269] zram: 44240, 45111, 960
[ 5806.414333] zram: 57887, 58700, 1645
[ 5806.414392] zram: 51946, 53308, 1516
[ 5806.414448] zram: 49270, 50433, 1235
[ 5806.414510] zram: 55723, 56895, 1712
[ 5806.414564] zram: 48930, 49972, 1457
[ 5806.414623] zram: 49681, 53549, 1370
[ 5806.414686] zram: 56966, 58028, 1671
[ 5806.414736] zram: 43428, 44611, 1122
[ 5806.414780] zram: 37677, 39099, 1024
[ 5806.414831] zram: 38869, 40181, 1206
[ 5806.414884] zram: 47085, 48308, 1287
[ 5806.414931] zram: 41104, 41985, 1069
[ 5806.414977] zram: 39761, 41083, 914
[ 5806.415019] zram: 33357, 36925, 903
[ 5806.415066] zram: 39260, 40232, 886
[ 5806.415135] zram: 62647, 63890, 1636
[ 5806.415202] zram: 59681, 60643, 1572
[ 5806.415258] zram: 50012, 50753, 1394
[ 5806.415321] zram: 56124, 57046, 1607
[ 5806.415384] zram: 55292, 57908, 1542
[ 5806.415448] zram: 57657, 58349, 1581
[ 5806.415510] zram: 55993, 57217, 1606
[ 5806.415574] zram: 51675, 52576, 1739
[ 5806.415635] zram: 48689, 49591, 1566
[ 5806.415688] zram: 41164, 41915, 1336
[ 5806.415750] zram: 56435, 57216, 1617
[ 5806.415804] zram: 46795, 48749, 1277
[ 5806.415868] zram: 54831, 58168, 1729
[ 5806.415919] zram: 44280, 46183, 4105
[ 5806.415974] zram: 45924, 47637, 4105
[ 5806.416026] zram: 45522, 47336, 4105
[ 5806.416044] zram: 11123, 12566, 4105
[ 5806.416059] zram: 10491, 12045, 4105
[ 5806.416082] zram: 17165, 18739, 4105
[ 5806.416099] zram: 11053, 12355, 4105
[ 5806.416115] zram: 10711, 12245, 4105
[ 5806.416138] zram: 17175, 18748, 4105
[ 5806.416183] zram: 39150, 41244, 4105
[ 5806.416235] zram: 39530, 41314, 4105
[ 5806.416290] zram: 48389, 50192, 3513
[ 5806.416402] zram: 105013, 107188, 4105
[ 5806.416465] zram: 54942, 56605, 3971
[ 5806.416482] zram: 11493, 12986, 4105
[ 5806.416505] zram: 17846, 19530, 4105
[ 5806.416552] zram: 41053, 42426, 3952
[ 5806.416621] zram: 56625, 58789, 3608
[ 5806.416641] zram: 12436, 14059, 4105
[ 5806.416710] zram: 63679, 65373, 2362
[ 5806.416756] zram: 38398, 40512, 3919
[ 5806.416824] zram: 61165, 63189, 3952
[ 5806.416894] zram: 63239, 65423, 4105
[ 5806.416949] zram: 47016, 48889, 4105
[ 5806.416967] zram: 11363, 12766, 4105
[ 5806.417034] zram: 61886, 63769, 3145
[ 5806.417093] zram: 52257, 53329, 3123
[ 5806.417143] zram: 43218, 45132, 4105
[ 5806.417206] zram: 55112, 57096, 4105
[ 5806.417223] zram: 11103, 12605, 4105
[ 5806.417247] zram: 10731, 12576, 4105
[ 5806.417315] zram: 60253, 62097, 2188
[ 5806.417333] zram: 11403, 13317, 4105
[ 5806.417383] zram: 43989, 45543, 4105
[ 5806.417401] zram: 11182, 12686, 4105
[ 5806.417451] zram: 44029, 45953, 4105
[ 5806.417475] zram: 11383, 19490, 4105
[ 5806.417493] zram: 11433, 12957, 4105
[ 5806.417508] zram: 10211, 11693, 4105
[ 5806.417524] zram: 10582, 12205, 4105
[ 5806.417548] zram: 17645, 19209, 4105
[ 5806.417597] zram: 38098, 45122, 4105
[ 5806.417648] zram: 42937, 46785, 3191
[ 5806.417706] zram: 45673, 47076, 1148
[ 5806.417739] zram: 26444, 27907, 202
[ 5806.417811] zram: 65553, 66555, 2058
[ 5806.417850] zram: 31374, 32706, 657
[ 5806.417903] zram: 39410, 48378, 1171
[ 5806.417940] zram: 29310, 31263, 587
[ 5806.417995] zram: 49530, 50723, 891
[ 5806.418046] zram: 44310, 45633, 944
[ 5806.418107] zram: 54551, 56124, 1251
[ 5806.418158] zram: 42326, 46284, 486
[ 5806.418217] zram: 53078, 53729, 1199
[ 5806.418301] zram: 75703, 79100, 2799
[ 5806.418380] zram: 72317, 73570, 2311
[ 5806.418464] zram: 70684, 72136, 2612
[ 5806.418543] zram: 73369, 74371, 2788
[ 5806.418626] zram: 75824, 76807, 2801
[ 5806.418681] zram: 43208, 44511, 1509
[ 5806.418748] zram: 59892, 61364, 1807
[ 5806.418801] zram: 39730, 40493, 1315
[ 5806.418863] zram: 56134, 56985, 1662
[ 5806.418922] zram: 51495, 53669, 958
[ 5806.418985] zram: 56034, 57627, 2691
[ 5806.419051] zram: 58829, 60724, 4105
[ 5806.419076] zram: 11423, 13076, 4105
[ 5806.419115] zram: 10992, 13006, 4105
[ 5806.419186] zram: 59000, 61024, 1959
[ 5806.419231] zram: 37266, 39149, 4105
[ 5806.419281] zram: 43819, 45653, 4105
[ 5806.419336] zram: 47717, 49670, 4105
[ 5806.419354] zram: 10431, 11724, 4105
[ 5806.419375] zram: 16734, 18197, 4105
[ 5806.419409] zram: 28908, 30743, 4105
[ 5806.419446] zram: 32877, 34310, 4105
[ 5806.419480] zram: 28418, 29861, 4105
[ 5806.419497] zram: 8918, 10121, 4105
[ 5806.419530] zram: 28839, 30341, 4105
[ 5806.419565] zram: 31594, 32766, 4105
[ 5806.419601] zram: 32826, 34110, 3425
[ 5806.419637] zram: 27777, 33057, 4105
[ 5806.419673] zram: 31815, 32957, 4105
[ 5806.419706] zram: 28367, 29891, 4105
[ 5806.419719] zram: 8838, 10291, 4105
[ 5806.419754] zram: 31644, 32837, 4105
[ 5806.419767] zram: 9069, 10161, 4105
[ 5806.419804] zram: 32776, 34420, 4105
[ 5806.419816] zram: 8687, 9819, 4105
[ 5806.419848] zram: 27766, 28909, 4105
[ 5806.419883] zram: 27506, 28708, 4105
[ 5806.419897] zram: 8728, 9759, 4105
[ 5806.419938] zram: 38198, 39340, 3298
[ 5806.419970] zram: 27857, 28929, 4105
[ 5806.420005] zram: 27435, 28599, 4105
[ 5806.420042] zram: 32266, 33448, 4105
[ 5806.420054] zram: 8818, 9880, 4105
[ 5806.420067] zram: 9189, 10311, 4105
[ 5806.420079] zram: 8738, 9790, 4105
[ 5806.420116] zram: 32647, 34159, 4105
[ 5806.420148] zram: 28067, 29139, 4105
[ 5806.420164] zram: 12847, 13959, 4105
[ 5806.420196] zram: 27516, 28578, 4105
[ 5806.420208] zram: 8748, 9951, 4105
[ 5806.420310] zram: 97738, 99832, 4105
[ 5806.420328] zram: 11113, 12425, 4105
[ 5806.420351] zram: 16062, 17947, 4105
[ 5806.420367] zram: 11103, 12455, 4105
[ 5806.420422] zram: 49420, 51074, 3245
[ 5806.420447] zram: 19821, 21614, 4105
[ 5806.420502] zram: 49159, 50854, 3977
[ 5806.420551] zram: 42726, 44801, 4105
[ 5806.420570] zram: 12385, 13758, 4105
[ 5806.420593] zram: 17686, 19259, 4105
[ 5806.420661] zram: 61375, 63479, 3286
[ 5806.420713] zram: 45172, 46965, 4105
[ 5806.420783] zram: 63259, 64702, 2355
[ 5806.420802] zram: 12646, 14459, 4105
[ 5806.420865] zram: 56404, 58188, 3972
[ 5806.420917] zram: 44440, 46405, 4105
[ 5806.420935] zram: 11494, 12946, 4105
[ 5806.420960] zram: 17385, 19600, 4105
[ 5806.421026] zram: 59571, 61535, 3447
[ 5806.421086] zram: 51915, 53999, 3046
[ 5806.421104] zram: 11213, 12726, 4105
[ 5806.421121] zram: 11333, 12876, 4105
[ 5806.421144] zram: 17395, 19108, 4105
[ 5806.421189] zram: 38629, 40442, 4105
[ 5806.421212] zram: 11303, 13107, 4105
[ 5806.421262] zram: 43668, 45443, 4105
[ 5806.421280] zram: 11593, 12997, 4105
[ 5806.421296] zram: 10581, 12004, 4105
[ 5806.421312] zram: 10501, 11924, 4105
[ 5806.421334] zram: 10913, 12536, 4105
[ 5806.421391] zram: 51405, 52887, 3074
[ 5806.421449] zram: 50492, 52607, 4105
[ 5806.421468] zram: 11493, 12966, 4105
[ 5806.421531] zram: 57366, 59240, 3478
[ 5806.421599] zram: 59891, 63008, 2869
[ 5806.421664] zram: 57537, 59431, 3907
[ 5806.421721] zram: 50212, 52076, 4105
[ 5806.421739] zram: 10722, 12175, 4105
[ 5806.421762] zram: 10772, 12255, 4105
[ 5806.421828] zram: 59711, 61946, 3310
[ 5806.421879] zram: 44079, 45803, 4105
[ 5806.421944] zram: 58719, 60082, 2104
[ 5806.421993] zram: 42577, 44300, 4105
[ 5806.422062] zram: 60774, 62898, 3982
[ 5806.422134] zram: 65032, 67117, 3959
[ 5806.422192] zram: 51214, 52987, 4105
[ 5806.422245] zram: 45994, 47907, 4105
[ 5806.422305] zram: 51034, 53068, 3851
[ 5806.422370] zram: 58760, 60062, 2721
[ 5806.422421] zram: 43758, 45492, 4105
[ 5806.422466] zram: 38428, 40112, 4105
[ 5806.422490] zram: 17706, 19459, 4105
[ 5806.422541] zram: 38889, 46414, 4105
[ 5806.422585] zram: 38097, 39670, 4105
[ 5806.422637] zram: 44290, 46123, 4105
[ 5806.422655] zram: 11263, 12966, 4105
[ 5806.422678] zram: 10822, 12545, 4105
[ 5806.422694] zram: 10962, 12406, 4105
[ 5806.422710] zram: 10421, 11784, 4105
[ 5806.422761] zram: 45041, 46946, 4105
[ 5806.422814] zram: 46314, 48248, 4105
[ 5806.422867] zram: 46594, 48659, 4105
[ 5806.422887] zram: 11474, 13006, 4105
[ 5806.422937] zram: 43779, 46034, 4105
[ 5806.422988] zram: 44741, 46625, 3336
[ 5806.423046] zram: 51114, 53028, 3946
[ 5806.423101] zram: 46915, 49190, 4105
[ 5806.423158] zram: 50542, 52287, 4105
[ 5806.423176] zram: 10932, 12495, 4105
[ 5806.423192] zram: 11093, 12425, 4105
[ 5806.423256] zram: 57868, 60433, 2520
[ 5806.423314] zram: 50773, 52968, 3506
[ 5806.423379] zram: 57617, 59551, 4105
[ 5806.423404] zram: 17796, 19520, 4105
[ 5806.423427] zram: 17546, 19199, 4105
[ 5806.423491] zram: 57787, 59030, 1914
[ 5806.423543] zram: 45572, 47606, 4017
[ 5806.423561] zram: 9660, 10822, 4105
[ 5806.423580] zram: 14389, 15742, 4105
[ 5806.423622] zram: 38849, 39851, 2674
[ 5806.423665] zram: 37736, 39881, 3529
[ 5806.423708] zram: 38458, 39721, 3972
[ 5806.423746] zram: 34059, 35182, 4105
[ 5806.423763] zram: 13087, 14239, 4105
[ 5806.423775] zram: 8718, 9760, 4105
[ 5806.423827] zram: 48068, 49280, 3262
[ 5806.423865] zram: 33939, 35142, 3994
[ 5806.423883] zram: 13127, 14369, 4105
[ 5806.423914] zram: 27896, 29019, 4105
[ 5806.423962] zram: 43809, 44921, 3563
[ 5806.424004] zram: 33168, 38598, 4105
[ 5806.424048] zram: 40382, 41574, 2169
[ 5806.424091] zram: 36654, 38327, 4105
[ 5806.424129] zram: 33699, 34991, 4105
[ 5806.424142] zram: 8848, 9910, 4105
[ 5806.424178] zram: 32826, 34109, 3855
[ 5806.424225] zram: 43559, 44170, 2492
[ 5806.424258] zram: 28699, 30031, 3989
[ 5806.424294] zram: 31534, 32827, 4105
[ 5806.424361] zram: 61475, 63549, 4105
[ 5806.424426] zram: 52406, 54020, 3538
[ 5806.424491] zram: 50893, 52707, 2850
[ 5806.424554] zram: 56234, 58098, 4029
[ 5806.424608] zram: 46986, 48779, 4105
[ 5806.424631] zram: 11454, 12886, 4105
[ 5806.424688] zram: 51655, 53539, 4105
[ 5806.424754] zram: 58308, 61324, 2444
[ 5806.424814] zram: 50412, 52476, 3931
[ 5806.424832] zram: 11603, 13066, 4105
[ 5806.424850] zram: 12375, 13988, 4105
[ 5806.424906] zram: 39580, 41564, 4105
[ 5806.424933] zram: 19390, 21554, 4105
[ 5806.424951] zram: 12215, 13668, 4105
[ 5806.424968] zram: 11464, 12736, 4105
[ 5806.424993] zram: 20131, 21735, 4105
[ 5806.425043] zram: 44000, 45523, 4105
[ 5806.425089] zram: 38889, 41124, 4105
[ 5806.425142] zram: 46124, 48067, 4105
[ 5806.425195] zram: 46435, 48138, 4105
[ 5806.425214] zram: 12636, 14409, 4105
[ 5806.425264] zram: 44219, 45984, 4105
[ 5806.425316] zram: 45072, 46845, 4105
[ 5806.425379] zram: 55012, 56885, 3447
[ 5806.425439] zram: 53489, 55432, 4031
[ 5806.425501] zram: 54872, 56655, 3932
[ 5806.425563] zram: 54541, 56464, 3617
[ 5806.425624] zram: 52797, 54752, 4105
[ 5806.425642] zram: 11463, 13167, 4105
[ 5806.425666] zram: 17726, 19299, 4105
[ 5806.425733] zram: 60573, 62707, 1909
[ 5806.425784] zram: 44300, 46153, 4105
[ 5806.425828] zram: 37035, 38678, 4105
[ 5806.425857] zram: 16072, 18106, 4105
[ 5806.425874] zram: 10521, 11924, 4105
[ 5806.425925] zram: 45342, 47677, 4105
[ 5806.425978] zram: 46124, 48047, 4105
[ 5806.426030] zram: 45032, 46835, 4105
[ 5806.426083] zram: 44430, 46234, 4105
[ 5806.426100] zram: 11223, 12625, 4105
[ 5806.426150] zram: 44230, 45913, 4105
[ 5806.426168] zram: 10862, 12586, 4105
[ 5806.426184] zram: 10852, 12635, 4105
[ 5806.426206] zram: 16834, 18407, 4105
[ 5806.426223] zram: 10702, 12545, 4105
[ 5806.426239] zram: 10722, 12525, 4105
[ 5806.426254] zram: 10281, 11693, 4105
[ 5806.426309] zram: 42696, 44170, 2745
[ 5806.426375] zram: 58409, 61254, 1557
[ 5806.426450] zram: 61014, 63239, 1761
[ 5806.426496] zram: 38808, 40923, 1257
[ 5806.426560] zram: 58078, 59331, 1708
[ 5806.426622] zram: 48588, 50302, 1463
[ 5806.426674] zram: 37366, 38969, 1034
[ 5806.426729] zram: 48368, 49991, 1211
[ 5806.426783] zram: 48950, 49661, 1299
[ 5806.426836] zram: 47216, 48188, 1152
[ 5806.426893] zram: 51224, 51916, 1134
[ 5806.426928] zram: 28749, 30161, 436
[ 5806.426994] zram: 49400, 56726, 2417
[ 5806.427044] zram: 46194, 47025, 2387
[ 5806.427077] zram: 28167, 29370, 808
[ 5806.427137] zram: 46624, 47967, 1437
[ 5806.427187] zram: 44341, 47016, 2723
[ 5806.427221] zram: 28758, 30031, 4105
[ 5806.427265] zram: 40463, 42026, 4105
[ 5806.427279] zram: 8958, 10561, 4105
[ 5806.427292] zram: 8898, 9970, 4105
[ 5806.427346] zram: 44200, 45963, 2146
[ 5806.427375] zram: 24079, 25622, 4105
[ 5806.427415] zram: 35452, 36644, 4022
[ 5806.427432] zram: 8898, 10131, 4105
[ 5806.427469] zram: 32857, 34350, 4105
[ 5806.427516] zram: 42967, 44250, 3569
[ 5806.427529] zram: 8787, 9920, 4105
[ 5806.427576] zram: 42516, 44069, 3232
[ 5806.427616] zram: 35652, 37105, 3088
[ 5806.427648] zram: 28017, 29520, 4105
[ 5806.427661] zram: 8828, 9840, 4105
[ 5806.427678] zram: 8938, 10071, 4105
[ 5806.427690] zram: 8768, 9900, 4105
[ 5806.427722] zram: 27777, 29229, 4105
[ 5806.427740] zram: 8768, 10421, 4105
[ 5806.427753] zram: 8688, 9720, 4105
[ 5806.427766] zram: 9219, 10482, 4105
[ 5806.427778] zram: 8668, 9730, 4105
[ 5806.427795] zram: 13217, 14299, 4105
[ 5806.427827] zram: 28337, 29450, 4105
[ 5806.427863] zram: 32195, 33238, 4105
[ 5806.427894] zram: 27375, 28538, 4105
[ 5806.427937] zram: 37096, 40843, 3176
[ 5806.427951] zram: 8938, 10331, 4105
[ 5806.427997] zram: 40953, 42947, 3866
[ 5806.428010] zram: 8868, 9990, 4105
[ 5806.428023] zram: 8728, 10201, 4105
[ 5806.428063] zram: 36535, 37827, 3818
[ 5806.428107] zram: 39671, 40843, 3789
[ 5806.428137] zram: 26715, 27786, 4035
[ 5806.428184] zram: 41905, 42777, 2848
[ 5806.428198] zram: 8949, 10191, 4105
[ 5806.428240] zram: 38438, 39680, 3961
[ 5806.428337] zram: 87608, 90053, 4105
[ 5806.428385] zram: 40783, 42115, 4105
[ 5806.428405] zram: 15061, 16544, 4105
[ 5806.428476] zram: 56976, 66445, 2046
[ 5806.428533] zram: 51685, 53408, 3931
[ 5806.428549] zram: 10922, 12155, 4105
[ 5806.428565] zram: 10872, 12195, 4105
[ 5806.428613] zram: 43078, 44881, 4105
[ 5806.428631] zram: 11925, 13327, 4105
[ 5806.428654] zram: 17846, 19339, 4105
[ 5806.428706] zram: 39760, 47757, 4105
[ 5806.428725] zram: 12054, 13878, 4105
[ 5806.428778] zram: 46374, 48067, 4105
[ 5806.428830] zram: 45172, 46885, 4105
[ 5806.428877] zram: 39410, 41194, 4105
[ 5806.428902] zram: 18628, 20411, 4105
[ 5806.428953] zram: 44821, 46485, 3271
[ 5806.429017] zram: 57426, 59411, 3930
[ 5806.429083] zram: 58749, 60713, 3970
[ 5806.429143] zram: 52607, 54451, 4105
[ 5806.429161] zram: 11664, 13137, 4105
[ 5806.429213] zram: 46394, 48338, 4105
[ 5806.429279] zram: 59100, 60713, 2703
[ 5806.429329] zram: 42948, 44440, 758
[ 5806.429383] zram: 48519, 49591, 1120
[ 5806.429444] zram: 54040, 55062, 1347
[ 5806.429486] zram: 35362, 36855, 422
[ 5806.429551] zram: 51655, 52767, 717
[ 5806.429611] zram: 47256, 48589, 1234
[ 5806.429694] zram: 70754, 72407, 2138
[ 5806.429773] zram: 71846, 72948, 2546
[ 5806.429854] zram: 73780, 76426, 2598
[ 5806.429937] zram: 70663, 71856, 2326
[ 5806.430018] zram: 74011, 75223, 2408
[ 5806.430092] zram: 68269, 69461, 2207
[ 5806.430158] zram: 58960, 60052, 1660
[ 5806.430233] zram: 68569, 69942, 1920
[ 5806.430301] zram: 61194, 63258, 2006
[ 5806.430342] zram: 33808, 35442, 561
[ 5806.430400] zram: 45582, 46675, 1164
[ 5806.430454] zram: 46715, 48970, 4105
[ 5806.430511] zram: 50493, 52286, 4105
[ 5806.430566] zram: 46785, 48398, 4105
[ 5806.430627] zram: 54340, 56104, 3685
[ 5806.430691] zram: 57136, 58418, 3002
[ 5806.430728] zram: 30673, 32446, 4105
[ 5806.430784] zram: 48749, 50783, 3974
[ 5806.430843] zram: 51926, 54020, 4105
[ 5806.430861] zram: 10872, 12285, 4105
[ 5806.430876] zram: 10281, 11643, 4105
[ 5806.430942] zram: 61094, 62056, 2152
[ 5806.430997] zram: 47957, 49762, 4105
[ 5806.431060] zram: 55884, 57707, 3972
[ 5806.431135] zram: 67807, 69502, 4105
[ 5806.431161] zram: 11654, 13478, 4105
[ 5806.431209] zram: 41494, 43418, 4105
[ 5806.431276] zram: 60563, 62838, 3498
[ 5806.431295] zram: 10842, 12105, 4105
[ 5806.431343] zram: 43879, 44621, 1823
[ 5806.431371] zram: 23358, 24630, 529
[ 5806.431412] zram: 36995, 38829, 1151
[ 5806.431451] zram: 34741, 35492, 679
[ 5806.431480] zram: 25773, 26734, 427
[ 5806.431519] zram: 34821, 36073, 715
[ 5806.431573] zram: 50793, 51715, 2067
[ 5806.431627] zram: 49901, 50993, 2690
[ 5806.431683] zram: 47647, 48218, 2300
[ 5806.431741] zram: 54211, 55653, 2340
[ 5806.431800] zram: 54791, 55463, 2586
[ 5806.431857] zram: 50222, 53569, 2247
[ 5806.431884] zram: 20913, 24119, 452
[ 5806.431932] zram: 44000, 44851, 2096
[ 5806.431969] zram: 27005, 28729, 939
[ 5806.432012] zram: 38649, 40162, 1030
[ 5806.432055] zram: 38608, 39621, 2362
[ 5806.432072] zram: 8888, 10632, 4105
[ 5806.432126] zram: 49651, 51004, 3988
[ 5806.432182] zram: 47016, 52617, 3829
[ 5806.432195] zram: 8788, 9911, 4105
[ 5806.432207] zram: 8928, 10190, 4105
[ 5806.432253] zram: 41414, 42637, 3489
[ 5806.432290] zram: 32626, 33648, 1227
[ 5806.432381] zram: 87328, 88409, 706
[ 5806.432438] zram: 48989, 50943, 1328
[ 5806.432515] zram: 69732, 72908, 2362
[ 5806.432590] zram: 69070, 70203, 2439
[ 5806.432643] zram: 46795, 48058, 1200
[ 5806.432701] zram: 49851, 50914, 1291
[ 5806.432765] zram: 56685, 57517, 1142
[ 5806.432828] zram: 56104, 57838, 3078
[ 5806.432886] zram: 51024, 53088, 4105
[ 5806.432905] zram: 12145, 13758, 4105
[ 5806.432929] zram: 17987, 20251, 4105
[ 5806.432992] zram: 56435, 57447, 2280
[ 5806.433049] zram: 50463, 52607, 3946
[ 5806.433107] zram: 50473, 52196, 4105
[ 5806.433125] zram: 11724, 13047, 4105
[ 5806.433183] zram: 52767, 54691, 4008
[ 5806.433234] zram: 43669, 45603, 4105
[ 5806.433252] zram: 11103, 12796, 4105
[ 5806.433268] zram: 10792, 12175, 4105
[ 5806.433331] zram: 58298, 59611, 3048
[ 5806.433385] zram: 47266, 47918, 1097
[ 5806.433447] zram: 55573, 57026, 1470
[ 5806.433507] zram: 53078, 54250, 1210
[ 5806.433591] zram: 76526, 79121, 2446
[ 5806.433649] zram: 45442, 52065, 1617
[ 5806.433710] zram: 49240, 56495, 1760
[ 5806.433764] zram: 47386, 48870, 1085
[ 5806.433821] zram: 44100, 46124, 3931
[ 5806.433846] zram: 11623, 13658, 4105
[ 5806.433862] zram: 10310, 11904, 4105
[ 5806.433913] zram: 44671, 46575, 4105
[ 5806.433965] zram: 44921, 46755, 4105
[ 5806.434016] zram: 44130, 46104, 4105
[ 5806.434061] zram: 38569, 40262, 4105
[ 5806.434086] zram: 18187, 19851, 4105
[ 5806.434105] zram: 10572, 12064, 4105
[ 5806.434156] zram: 45512, 47407, 4105
[ 5806.434207] zram: 44590, 46284, 4105
[ 5806.434259] zram: 38779, 46204, 4105
[ 5806.434304] zram: 39410, 41163, 4105
[ 5806.434355] zram: 44320, 46194, 4105
[ 5806.434408] zram: 45002, 46955, 4105
[ 5806.434425] zram: 10672, 12175, 4105
[ 5806.434476] zram: 44921, 46735, 3840
[ 5806.434531] zram: 49651, 50633, 1195
[ 5806.434583] zram: 44370, 45523, 1436
[ 5806.434635] zram: 47106, 48338, 1663
[ 5806.434694] zram: 54791, 55754, 2432
[ 5806.434715] zram: 17135, 18287, 559
[ 5806.434765] zram: 44550, 46505, 1943
[ 5806.434787] zram: 14750, 17526, 200
[ 5806.434830] zram: 40182, 40783, 1264
[ 5806.434869] zram: 34981, 36354, 4105
[ 5806.434913] zram: 39530, 41034, 3975
[ 5806.434959] zram: 41865, 43328, 4010
[ 5806.434973] zram: 8878, 10030, 4105
[ 5806.434985] zram: 8707, 9790, 4105
[ 5806.435034] zram: 39059, 41624, 3054
[ 5806.435073] zram: 36354, 36825, 1180
[ 5806.435102] zram: 25502, 26063, 186
[ 5806.435150] zram: 43328, 44380, 1697
[ 5806.435193] zram: 38478, 39690, 1541
[ 5806.435235] zram: 37606, 38608, 982
[ 5806.435268] zram: 29570, 30692, 938
[ 5806.435310] zram: 37687, 38859, 1109
[ 5806.435342] zram: 27676, 28578, 530
[ 5806.435377] zram: 31734, 32185, 558
[ 5806.435410] zram: 28427, 29851, 652
[ 5806.435447] zram: 29510, 30431, 667
[ 5806.435484] zram: 31424, 34230, 622
[ 5806.435515] zram: 27596, 28027, 624
[ 5806.435550] zram: 32015, 32436, 650
[ 5806.435581] zram: 28288, 28678, 650
[ 5806.435625] zram: 40172, 41013, 1169
[ 5806.435681] zram: 51645, 52627, 2421
[ 5806.435739] zram: 54251, 55062, 2804
[ 5806.435797] zram: 53348, 55041, 2558
[ 5806.435856] zram: 54952, 55703, 2891
[ 5806.435914] zram: 53880, 54531, 2482
[ 5806.435972] zram: 54691, 55352, 2755
[ 5806.436034] zram: 56424, 57947, 3221
[ 5806.436097] zram: 57187, 59040, 3142
[ 5806.436183] zram: 79171, 82267, 2973
[ 5806.436247] zram: 59201, 60042, 3041
[ 5806.436358] zram: 106767, 107969, 3093
[ 5806.436436] zram: 70202, 71796, 2738
[ 5806.436518] zram: 68981, 77327, 2528
[ 5806.436591] zram: 66496, 67978, 2256
[ 5806.436670] zram: 71375, 72597, 1395
[ 5806.436753] zram: 75824, 76715, 1728
[ 5806.436834] zram: 70233, 71295, 2134
[ 5806.436914] zram: 73119, 74631, 2313
[ 5806.436994] zram: 72938, 73981, 2874
[ 5806.437082] zram: 79271, 82859, 2977
[ 5806.437160] zram: 71806, 73018, 2894
[ 5806.437242] zram: 73269, 74351, 3039
[ 5806.437330] zram: 74551, 75784, 2971
[ 5806.437410] zram: 72127, 75273, 2786
[ 5806.437496] zram: 79161, 80564, 2964
[ 5806.437575] zram: 72367, 73519, 3009
[ 5806.437652] zram: 70193, 71085, 2846
[ 5806.437740] zram: 71676, 82537, 3106
[ 5806.437815] zram: 68990, 70122, 2557
[ 5806.437895] zram: 70884, 74050, 2916
[ 5806.437973] zram: 71766, 72848, 2974
[ 5806.438058] zram: 72256, 73169, 2635
[ 5806.438138] zram: 73519, 74752, 3041
[ 5806.438216] zram: 69882, 72748, 2661
[ 5806.438294] zram: 66044, 67146, 2701
[ 5806.438356] zram: 55623, 56364, 2544
[ 5806.438420] zram: 58539, 59551, 2063
[ 5806.438480] zram: 55703, 56505, 2415
[ 5806.438540] zram: 56144, 57056, 3079
[ 5806.438599] zram: 54652, 55342, 2888
[ 5806.438660] zram: 54811, 57637, 2727
[ 5806.438721] zram: 54230, 57296, 2406
[ 5806.438778] zram: 52136, 53789, 2444
[ 5806.438830] zram: 47567, 48549, 2412
[ 5806.438889] zram: 51114, 51895, 2908
[ 5806.438949] zram: 52387, 53288, 3199
[ 5806.439009] zram: 51114, 51825, 2790
[ 5806.439069] zram: 56325, 57186, 3137
[ 5806.439153] zram: 80323, 80985, 2880
[ 5806.439215] zram: 56886, 57537, 3107
[ 5806.439273] zram: 54411, 55152, 2663
[ 5806.439328] zram: 49600, 50262, 2348
[ 5806.439384] zram: 48028, 48538, 2578
[ 5806.439431] zram: 42827, 43869, 2009
[ 5806.439487] zram: 49010, 52847, 2114
[ 5806.439540] zram: 48790, 49591, 2067
[ 5806.439599] zram: 53959, 56385, 2841
[ 5806.439659] zram: 55753, 56555, 2976
[ 5806.439718] zram: 55172, 56014, 3045
[ 5806.439779] zram: 56135, 56925, 3004
[ 5806.439839] zram: 52998, 57006, 2748
[ 5806.439899] zram: 54971, 55854, 3031
[ 5806.439958] zram: 54611, 55352, 2977
[ 5806.440020] zram: 56164, 59632, 3114
[ 5806.440080] zram: 55182, 55923, 3102
[ 5806.440139] zram: 55162, 55893, 2932
[ 5806.440201] zram: 54200, 57096, 2851
[ 5806.440261] zram: 55913, 56875, 3085
[ 5806.440376] zram: 110605, 111717, 2891
[ 5806.440455] zram: 71956, 73440, 3080
[ 5806.440532] zram: 71335, 72337, 3167
[ 5806.440623] zram: 81125, 85794, 3103
[ 5806.440703] zram: 73148, 74101, 2263
[ 5806.440791] zram: 74842, 83270, 2445
[ 5806.440865] zram: 66865, 69050, 1779
[ 5806.440944] zram: 70984, 73199, 1989
[ 5806.441027] zram: 75924, 77187, 2769
[ 5806.441114] zram: 74651, 75673, 2921
[ 5806.441194] zram: 71615, 75092, 3005
[ 5806.441280] zram: 79171, 80273, 2740
[ 5806.441360] zram: 73520, 74702, 2867
[ 5806.441438] zram: 70985, 71886, 2798
[ 5806.441525] zram: 79492, 80935, 3121
[ 5806.441605] zram: 73600, 74973, 3112
[ 5806.441684] zram: 72647, 73940, 3082
[ 5806.441771] zram: 78208, 81626, 2855
[ 5806.441852] zram: 74261, 75424, 3047
[ 5806.441931] zram: 72447, 73590, 2930
[ 5806.442014] zram: 76536, 77417, 2715
[ 5806.442092] zram: 69211, 72557, 2746
[ 5806.442161] zram: 62256, 63399, 3045
[ 5806.442223] zram: 57537, 58459, 3056
[ 5806.442281] zram: 52737, 53729, 2641
[ 5806.442339] zram: 53398, 54401, 2627
[ 5806.442385] zram: 41664, 43368, 1618
[ 5806.442442] zram: 52918, 53899, 2373
[ 5806.442499] zram: 50893, 52046, 2257
[ 5806.442546] zram: 42497, 43498, 2000
[ 5806.442600] zram: 49119, 50753, 2038
[ 5806.442652] zram: 48328, 48949, 2028
[ 5806.442707] zram: 49621, 51855, 2023
[ 5806.442757] zram: 46615, 47146, 1959
[ 5806.442809] zram: 47326, 48679, 1884
[ 5806.442855] zram: 42266, 42777, 1839
[ 5806.442912] zram: 52126, 54010, 2631
[ 5806.442955] zram: 39080, 39691, 2802
[ 5806.443008] zram: 49370, 49851, 2043
[ 5806.443064] zram: 51504, 52707, 2091
[ 5806.443122] zram: 53779, 55102, 1510
[ 5806.443170] zram: 43448, 44190, 1516
[ 5806.443217] zram: 40883, 43789, 1666
[ 5806.443266] zram: 44190, 44641, 1698
[ 5806.443307] zram: 34820, 38048, 1210
[ 5806.443346] zram: 34450, 35893, 632
[ 5806.443399] zram: 42616, 46053, 1037
[ 5806.443449] zram: 46504, 47076, 1018
[ 5806.443492] zram: 39470, 39841, 1068
[ 5806.443530] zram: 32566, 35321, 3060
[ 5806.443547] zram: 8908, 10131, 4105
[ 5806.443560] zram: 8728, 9789, 4105
[ 5806.443596] zram: 28357, 33969, 4105
[ 5806.443609] zram: 8788, 9931, 4105
[ 5806.443621] zram: 8677, 9730, 4105
[ 5806.443657] zram: 32346, 33749, 4105
[ 5806.443670] zram: 8828, 9890, 4105
[ 5806.443702] zram: 28418, 29500, 4105
[ 5806.443720] zram: 13087, 14309, 4105
[ 5806.443733] zram: 8717, 9749, 4105
[ 5806.443764] zram: 28218, 29270, 4105
[ 5806.443800] zram: 31404, 32867, 4105
[ 5806.443832] zram: 28288, 29259, 3211
[ 5806.443870] zram: 34941, 36103, 920
[ 5806.443914] zram: 40242, 40713, 1554
[ 5806.443954] zram: 36143, 37556, 1318
[ 5806.443977] zram: 14009, 15492, 156
[ 5806.444023] zram: 42206, 42677, 1334
[ 5806.444075] zram: 49079, 49822, 2369
[ 5806.444132] zram: 53518, 54070, 2251
[ 5806.444189] zram: 50362, 53549, 2119
[ 5806.444242] zram: 49039, 49861, 2154
[ 5806.444360] zram: 113661, 114422, 2294
[ 5806.444411] zram: 42757, 44420, 759
[ 5806.444475] zram: 58670, 59872, 1677
[ 5806.444504] zram: 21775, 23718, 4105
[ 5806.444555] zram: 39490, 41064, 4105
[ 5806.444579] zram: 17004, 18537, 4105
[ 5806.444597] zram: 13147, 14640, 4105
[ 5806.444654] zram: 50072, 52076, 3922
[ 5806.444720] zram: 60242, 61515, 2123
[ 5806.444759] zram: 24931, 33157, 4105
[ 5806.444823] zram: 57287, 59401, 3852
[ 5806.444842] zram: 11604, 13778, 4105
[ 5806.444866] zram: 18487, 20101, 4105
[ 5806.444934] zram: 60362, 62978, 1895
[ 5806.444958] zram: 11914, 13798, 4105
[ 5806.444974] zram: 10582, 12184, 4105
[ 5806.444992] zram: 10922, 12436, 4105
[ 5806.445016] zram: 11885, 13538, 4105
[ 5806.445033] zram: 10973, 12395, 4105
[ 5806.445084] zram: 45673, 47577, 4105
[ 5806.445138] zram: 47196, 49230, 4105
[ 5806.445156] zram: 11113, 13137, 4105
[ 5806.445172] zram: 11072, 12485, 4105
[ 5806.445195] zram: 17385, 19059, 4105
[ 5806.445212] zram: 11022, 12335, 4105
[ 5806.445263] zram: 45262, 47045, 4105
[ 5806.445313] zram: 43408, 45161, 4105
[ 5806.445330] zram: 11182, 12566, 4105
[ 5806.445345] zram: 10271, 11523, 4105
[ 5806.445401] zram: 49671, 51525, 3289
[ 5806.445422] zram: 14279, 15973, 4105
[ 5806.445481] zram: 44641, 46655, 4105
[ 5806.445536] zram: 41805, 43709, 4105
[ 5806.445561] zram: 18117, 19750, 4105
[ 5806.445622] zram: 54371, 56174, 3617
[ 5806.445685] zram: 54420, 58409, 3083
[ 5806.445735] zram: 43188, 44971, 4105
[ 5806.445752] zram: 10932, 12335, 4105
[ 5806.445768] zram: 10271, 11774, 4105
[ 5806.445784] zram: 10962, 12536, 4105
[ 5806.445807] zram: 17155, 18798, 4105
[ 5806.445858] zram: 45152, 46976, 4105
[ 5806.445875] zram: 10912, 12455, 4105
[ 5806.445891] zram: 10642, 12044, 4105
[ 5806.445943] zram: 45944, 47687, 4105
[ 5806.445959] zram: 10612, 12054, 4105
[ 5806.445983] zram: 17095, 18839, 4105
[ 5806.446029] zram: 38779, 40903, 4105
[ 5806.446053] zram: 11423, 12997, 4105
[ 5806.446102] zram: 42457, 44330, 4105
[ 5806.446162] zram: 47146, 55964, 2352
[ 5806.446203] zram: 32988, 34971, 656
[ 5806.446267] zram: 57406, 59030, 1417
[ 5806.446318] zram: 43749, 44961, 493
[ 5806.446361] zram: 37707, 38859, 406
[ 5806.446417] zram: 48780, 50593, 946
[ 5806.446496] zram: 72317, 73369, 2135
[ 5806.446575] zram: 72027, 73710, 2595
[ 5806.446659] zram: 77688, 78750, 2560
[ 5806.446739] zram: 72116, 74431, 2473
[ 5806.446816] zram: 70664, 71906, 2396
[ 5806.446903] zram: 79141, 80774, 3049
[ 5806.446986] zram: 76085, 77387, 2737
[ 5806.447067] zram: 74852, 75925, 2738
[ 5806.447170] zram: 87488, 91195, 2743
[ 5806.447234] zram: 57506, 58459, 1917
[ 5806.447275] zram: 34380, 35562, 747
[ 5806.447340] zram: 58469, 59971, 1738
[ 5806.447413] zram: 65844, 67266, 2277
[ 5806.447470] zram: 49651, 51033, 1187
[ 5806.447532] zram: 55733, 57096, 1035
[ 5806.447595] zram: 57326, 58469, 2751
[ 5806.447634] zram: 31895, 33999, 4105
[ 5806.447690] zram: 48840, 50753, 3974
[ 5806.447739] zram: 41925, 43769, 4105
[ 5806.447763] zram: 11062, 12725, 4105
[ 5806.447818] zram: 47176, 48929, 3810
[ 5806.447879] zram: 54541, 55833, 2622
[ 5806.447923] zram: 37587, 39570, 4105
[ 5806.447947] zram: 10993, 12886, 4105
[ 5806.447998] zram: 44831, 46664, 4105
[ 5806.448016] zram: 11203, 12606, 4105
[ 5806.448032] zram: 10652, 12025, 4105
[ 5806.448054] zram: 10221, 18277, 4105
[ 5806.448099] zram: 38308, 40101, 4105
[ 5806.448123] zram: 17405, 19059, 4105
[ 5806.448140] zram: 11423, 12806, 4105
[ 5806.448191] zram: 45363, 47306, 4105
[ 5806.448208] zram: 10652, 11985, 4105
[ 5806.448223] zram: 10471, 12004, 4105
[ 5806.448272] zram: 43198, 44981, 4105
[ 5806.448387] zram: 106646, 108190, 3030
[ 5806.448439] zram: 43227, 45282, 4105
[ 5806.448456] zram: 11513, 12886, 4105
[ 5806.448472] zram: 11683, 12946, 4105
[ 5806.448494] zram: 11042, 12906, 4105
[ 5806.448511] zram: 11994, 13718, 4105
[ 5806.448527] zram: 11013, 12215, 4105
[ 5806.448548] zram: 16754, 18157, 4105
[ 5806.448563] zram: 10411, 11513, 4105
[ 5806.448578] zram: 11002, 12325, 4105
[ 5806.448627] zram: 43247, 44871, 4105
[ 5806.448646] zram: 11824, 13197, 4105
[ 5806.448695] zram: 43658, 45643, 4105
[ 5806.448748] zram: 46304, 48038, 4105
[ 5806.448806] zram: 51144, 52968, 3500
[ 5806.448830] zram: 16062, 17506, 4105
[ 5806.448895] zram: 58679, 60452, 3905
[ 5806.448921] zram: 19189, 21113, 4105
[ 5806.448972] zram: 43859, 45643, 4105
[ 5806.449023] zram: 44320, 46133, 3870
[ 5806.449093] zram: 57858, 59131, 2709
[ 5806.449137] zram: 36193, 38108, 4105
[ 5806.449161] zram: 18397, 20060, 4105
[ 5806.449178] zram: 10631, 12055, 4105
[ 5806.449230] zram: 46024, 47907, 4105
[ 5806.449247] zram: 10902, 12395, 4105
[ 5806.449263] zram: 10642, 12345, 4105
[ 5806.449285] zram: 16604, 18207, 4105
[ 5806.449302] zram: 11173, 12706, 4105
[ 5806.449318] zram: 10912, 12336, 4105
[ 5806.449369] zram: 44621, 46324, 4105
[ 5806.449431] zram: 55994, 57227, 3015
[ 5806.449484] zram: 45021, 47276, 4105
[ 5806.449506] zram: 15031, 16564, 4105
[ 5806.449528] zram: 16914, 18588, 4105
[ 5806.449594] zram: 58940, 61144, 3412
[ 5806.449661] zram: 58449, 61655, 2737
[ 5806.449686] zram: 17886, 19590, 4105
[ 5806.449745] zram: 53258, 55102, 3982
[ 5806.449808] zram: 55513, 57337, 4105
[ 5806.449833] zram: 17586, 19439, 4105
[ 5806.449849] zram: 10952, 12315, 4105
[ 5806.449912] zram: 58008, 59280, 2974
[ 5806.449969] zram: 50202, 51404, 3040
[ 5806.449996] zram: 20101, 22025, 4105
[ 5806.450056] zram: 46024, 47877, 4004
[ 5806.450127] zram: 54681, 60513, 3995
[ 5806.450142] zram: 9248, 10331, 4105
[ 5806.450182] zram: 36063, 37235, 4025
[ 5806.450219] zram: 27796, 29319, 4105
[ 5806.450259] zram: 35612, 37045, 3978
[ 5806.450296] zram: 32987, 34109, 4105
[ 5806.450313] zram: 13077, 14470, 4105
[ 5806.450326] zram: 8808, 9830, 4105
[ 5806.450375] zram: 44821, 46404, 1842
[ 5806.450415] zram: 35091, 36704, 3944
[ 5806.450457] zram: 37716, 39491, 4017
[ 5806.450499] zram: 37055, 38267, 4105
[ 5806.450512] zram: 8848, 9910, 4105
[ 5806.450525] zram: 9018, 10180, 4105
[ 5806.450574] zram: 43128, 45673, 1538
[ 5806.450615] zram: 32126, 37276, 989
[ 5806.450635] zram: 16153, 17876, 262
[ 5806.450690] zram: 50432, 51765, 2298
[ 5806.450750] zram: 54260, 56665, 2640
[ 5806.450806] zram: 52236, 53008, 2601
[ 5806.450843] zram: 32296, 33799, 1220
[ 5806.450875] zram: 28117, 29691, 687
[ 5806.450910] zram: 29751, 31313, 870
[ 5806.450953] zram: 38799, 40332, 1470
[ 5806.450986] zram: 30312, 30742, 1234
[ 5806.451017] zram: 26364, 27536, 755
[ 5806.451061] zram: 41324, 41926, 2675
[ 5806.451074] zram: 9139, 10411, 4105
[ 5806.451153] zram: 73770, 76014, 4105
[ 5806.451170] zram: 9619, 10883, 4105
[ 5806.451210] zram: 35953, 37136, 4105
[ 5806.451238] zram: 23779, 25041, 806
[ 5806.451241] zram: 0, 681, 0
[ 5806.451244] zram: 0, 531, 0
[ 5808.195309] zram0: detected capacity change from 2097152 to 0
